# Klee-Minty cube
# Dimensionality: 7; Generated: Sun Oct 17 02:28:00 499507548

>epsilon -- precision parameter
0.01
>A matrix data
   1.0000e+00            0            0            0            0            0            0
   4.0000e+00   1.0000e+00            0            0            0            0            0
   8.0000e+00   4.0000e+00   1.0000e+00            0            0            0            0
   1.6000e+01   8.0000e+00   4.0000e+00   1.0000e+00            0            0            0
   3.2000e+01   1.6000e+01   8.0000e+00   4.0000e+00   1.0000e+00            0            0
   6.4000e+01   3.2000e+01   1.6000e+01   8.0000e+00   4.0000e+00   1.0000e+00            0
   1.2800e+02   6.4000e+01   3.2000e+01   1.6000e+01   8.0000e+00   4.0000e+00   1.0000e+00
  -1.0000e+00            0            0            0            0            0            0
            0  -1.0000e+00            0            0            0            0            0
            0            0  -1.0000e+00            0            0            0            0
            0            0            0  -1.0000e+00            0            0            0
            0            0            0            0  -1.0000e+00            0            0
            0            0            0            0            0  -1.0000e+00            0
            0            0            0            0            0            0  -1.0000e+00
>b (rhs) data
   5.0000e+00
   2.5000e+01
   1.2500e+02
   6.2500e+02
   3.1250e+03
   1.5625e+04
   7.8125e+04
            0
            0
            0
            0
            0
            0
            0
>c (costs vector) data
  -64.0000
  -32.0000
  -16.0000
   -8.0000
   -4.0000
   -2.0000
   -1.0000
>x -- known optimal solution
            0
            0
            0
            0
            0
            0
   7.8125e+04
