# Klee-Minty cube
# Dimensionality: 9; Generated: Sun Oct 17 02:28:00 499507548

>epsilon -- precision parameter
0.01
>A matrix data
   1.0000e+00            0            0            0            0            0            0            0            0
   4.0000e+00   1.0000e+00            0            0            0            0            0            0            0
   8.0000e+00   4.0000e+00   1.0000e+00            0            0            0            0            0            0
   1.6000e+01   8.0000e+00   4.0000e+00   1.0000e+00            0            0            0            0            0
   3.2000e+01   1.6000e+01   8.0000e+00   4.0000e+00   1.0000e+00            0            0            0            0
   6.4000e+01   3.2000e+01   1.6000e+01   8.0000e+00   4.0000e+00   1.0000e+00            0            0            0
   1.2800e+02   6.4000e+01   3.2000e+01   1.6000e+01   8.0000e+00   4.0000e+00   1.0000e+00            0            0
   2.5600e+02   1.2800e+02   6.4000e+01   3.2000e+01   1.6000e+01   8.0000e+00   4.0000e+00   1.0000e+00            0
   5.1200e+02   2.5600e+02   1.2800e+02   6.4000e+01   3.2000e+01   1.6000e+01   8.0000e+00   4.0000e+00   1.0000e+00
  -1.0000e+00            0            0            0            0            0            0            0            0
            0  -1.0000e+00            0            0            0            0            0            0            0
            0            0  -1.0000e+00            0            0            0            0            0            0
            0            0            0  -1.0000e+00            0            0            0            0            0
            0            0            0            0  -1.0000e+00            0            0            0            0
            0            0            0            0            0  -1.0000e+00            0            0            0
            0            0            0            0            0            0  -1.0000e+00            0            0
            0            0            0            0            0            0            0  -1.0000e+00            0
            0            0            0            0            0            0            0            0  -1.0000e+00
>b (rhs) data
   5.0000e+00
   2.5000e+01
   1.2500e+02
   6.2500e+02
   3.1250e+03
   1.5625e+04
   7.8125e+04
   3.9062e+05
   1.9531e+06
            0
            0
            0
            0
            0
            0
            0
            0
            0
>c (costs vector) data
  -2.5600e+02
  -1.2800e+02
  -6.4000e+01
  -3.2000e+01
  -1.6000e+01
  -8.0000e+00
  -4.0000e+00
  -2.0000e+00
  -1.0000e+00
>x -- known optimal solution
            0
            0
            0
            0
            0
            0
            0
            0
   1.9531e+06
