# Randomly generated test case
# Case number: 7; Generated: Wed Dec 31 19:00:00 1969

# Parameters: n=10, m=15, a=10,b=100
>epsilon -- precision parameter
0.01
>A matrix data
   0.9445   1.6384  -0.8118  -1.0842   1.9930   4.3737   0.0013  -3.8356   0.8756  -3.4119
  -2.1352   1.4237  -4.4134   0.4331   1.3109  -0.7827   4.9080   2.9054  -4.9644   2.2306
   0.1327   1.2490   1.5919  -3.3861   4.5482  -2.2181  -3.2574   1.0369   1.8971   3.9024
  -2.7637   1.2888   4.4555   1.9054  -0.9058   3.6666   1.5230  -0.9035  -2.1712  -0.5065
   2.3578   0.7710  -1.5584   1.9927  -3.8388  -1.7172   3.8226   2.5637  -1.1226  -4.8513
   2.6870  -2.3032   4.6436   0.4234  -0.7521   4.8911  -4.5310  -1.9406  -3.8542   2.4581
  -0.3088  -1.8737  -2.1490  -0.4774  -2.9236  -2.8749  -4.4742  -0.1801  -1.5099   3.5196
  -1.4895   1.1516  -4.6272   4.0081   3.4886   2.3409   3.5476  -1.7165  -1.7659  -1.3058
   2.1115   0.8560   2.4251   1.1547   4.6745  -3.3738  -0.2983   2.4397  -3.2497   4.5833
  -3.6604  -2.3493  -4.4216   3.2511  -3.8045   4.0640  -0.2604  -4.6910  -3.1156   4.1979
  -2.8255   1.0835   1.6288  -0.3583   1.4062  -0.1759  -0.6455   3.0722  -0.9447   4.4322
  -2.8993   4.2050   1.2641   1.1529  -0.5065   3.9627  -0.4291   2.0075  -0.9930  -2.9642
   3.5424  -2.1096   2.9285  -2.7719   1.8301   0.1387  -2.5215   4.8786  -4.4847  -0.0933
  -4.8804  -0.2729   0.4446  -0.4949   3.1272  -0.1420   1.5464  -1.8184   3.3182   2.9322
   2.9401  -0.4422   4.0028   2.5611   3.6340   4.1709  -2.3885   0.4671   2.7649   3.0173
>b (rhs) data
   28.2503
  -48.0288
   38.6763
  -46.7726
   -1.4360
   47.1930
  -45.2790
   12.1669
   28.1444
    0.2580
   19.4704
   47.0822
  -35.8422
  -49.7369
   31.8873
>c (costs vector) data
   4.4646
  -0.3246
   4.6680
  -2.0597
   1.0377
   1.3987
   4.6183
  -4.7941
  -2.4573
  -2.7068
>Status flag:
INFEASIBLE