# Randomly generated test case
# Case number: 27; Generated: Wed Dec 31 19:00:00 1969

# Parameters: n=10, m=15, a=10,b=100
>epsilon -- precision parameter
0.01
>A matrix data
   4.9244  -1.6342   0.8445   2.4988  -4.0745   3.4777   2.9576   2.4948   3.5084  -4.0254
   3.9076  -4.6521   4.7346  -1.6477   4.5594   2.8930  -0.8128  -0.9760  -4.5169  -1.0389
   4.8902  -0.7514  -4.6411  -1.4253  -3.8784   3.2196   3.5244  -1.1323   3.2879  -1.4549
  -0.2580  -2.0613  -3.8930   2.4062   4.4045   1.9877   4.3406  -2.9509  -3.1806   4.5913
  -1.1242   2.4468   2.2222   2.1754   0.4552   3.6454   2.3721   1.2267   4.5711   1.3576
   4.9417   3.0039  -3.2223  -1.8026  -0.2179   2.3492   3.4973  -4.9279  -2.3507  -3.3395
  -4.3369   2.3742  -0.6384   2.1161  -0.8582  -2.7682  -2.9541   2.2160  -0.0874  -2.9189
  -4.2305   1.7535   3.1095  -4.7912  -4.2376   4.2770  -3.6199  -1.2396   1.6842  -1.2482
  -3.6164   2.0675   0.3549  -2.5105  -3.6170   3.7125  -4.1088  -2.5878  -0.2699  -2.7790
  -0.8491  -0.3529  -3.8185  -3.8746   2.7497   4.2746  -3.3835   2.8874  -4.8251  -3.8455
  -4.1666  -3.8087   0.8603   3.5432   0.8427   3.2005   1.9879  -3.3555   2.0898  -4.9333
  -2.6958   2.8799   0.6642   3.8318  -3.9761   0.7938   0.7842   0.2520   1.6244   1.5867
   2.5923   4.6803   1.6307  -0.1838  -2.6323   0.2940   1.7771   2.6331   0.2095  -1.6889
  -3.9766   3.1197   2.5786  -3.7740   1.2663   2.5669   2.7748  -1.5244   0.3028   1.6047
  -2.9128   4.7979   1.2237  -0.2819   2.3605  -0.8570  -4.0689  -3.2177   1.2070   4.2757
>b (rhs) data
   20.6391
  -11.7227
  -38.4548
  -11.9567
  -12.4497
  -12.5065
   32.2737
    3.8217
    5.1256
  -46.3607
   30.4932
   12.2541
  -46.0558
  -17.4998
   36.5965
>c (costs vector) data
   4.6157
  -4.5172
   4.4277
   3.8715
  -3.9835
  -4.0911
  -4.1562
  -2.9870
  -2.3835
  -3.3140
>Status flag:
UNBOUNDED