# Randomly generated test case
# Case number: 25; Generated: Wed Dec 31 19:00:00 1969

# Parameters: n=10, m=15, a=10,b=100
>epsilon -- precision parameter
0.01
>A matrix data
  -0.4551   3.0133   1.9256  -1.5610   0.3874  -1.7036  -1.6551  -4.1559  -4.4500   3.8153
   2.6554  -2.9432  -2.0655  -4.7407  -2.4243   3.1570  -0.0876   1.1185   3.7185  -1.7367
  -1.6128   3.7458   2.5808  -2.0183  -3.9411  -3.6660  -3.4195   3.8448   3.7981  -4.9795
  -1.1407  -3.9700  -4.4343   0.7454  -2.6603   2.5961   1.4190   0.6191   4.9993   1.1625
   4.3729   4.6210  -0.6699  -2.0267  -4.8758  -2.7342  -0.8350  -3.1115  -3.2561   2.8952
  -0.2108  -2.8701  -0.2628  -1.8253   2.8004   1.4831  -2.8246  -4.9096  -1.6478   3.0415
  -0.4425  -0.2057   3.1468   4.3711  -4.1970  -1.6517   4.3848   3.3627   0.6291   0.4461
   1.4779  -2.5294  -2.2626  -1.0674  -4.5035  -3.6079   3.8814   1.0999  -3.6860   3.8765
   4.9819  -1.8640  -0.0212   4.0866   4.0789   2.9216  -1.0699  -1.0095  -3.0414   4.4539
  -4.5389   3.1655   1.7137   2.6925  -2.6143  -4.9952  -3.9556   0.2157   0.6472  -1.4382
  -0.8869   2.2950  -2.9831   1.4111  -2.6373   4.1274  -4.4531   0.6660   2.5805  -0.7067
   1.2483   0.8862   4.0114  -2.2892   1.4799  -0.0430  -0.8614   3.3878   4.8103   1.6960
   4.4697   1.2926   3.4906   2.0837   3.5514   2.3914  -3.1489   1.1082   4.5825  -4.4657
   1.3897  -4.1521   1.5143   4.9070   2.7445  -3.1176  -4.5292  -3.8103  -4.2018   0.4140
  -1.9169  -2.3654  -4.6224  -3.7499  -4.2850  -4.3000   4.2407   3.6658  -2.2426   2.4057
>b (rhs) data
  -11.5258
   24.7859
   46.7747
  -23.8745
  -45.7299
  -15.3002
   28.8742
   22.9365
   27.0032
  -28.4406
   28.4770
  -24.4342
   20.3789
  -48.8201
  -48.8401
>c (costs vector) data
   3.5252
  -0.7621
  -0.7983
   1.3086
   2.7740
  -0.6878
   3.4738
  -2.0407
  -2.8920
  -1.9874
>Status flag:
UNBOUNDED