# Randomly generated test case
# Case number: 22; Generated: Sun Nov 19 05:44:16 4461606

# Parameters: n=10, m=15, a=10,b=100
>epsilon -- precision parameter
0.01
>A matrix data
   0.9054  -2.0727   0.9280  -4.1615   3.7656   0.1468   0.9438   1.9426  -0.6734  -4.1916
  -4.5173   3.5939   1.7355   0.2669   4.7099  -2.2055  -2.3082   1.0345   4.9255  -4.8944
  -1.1869  -4.4918  -3.4232  -1.0902   3.1880  -1.0058   3.7377  -2.6865   0.9482   1.9422
  -1.9357  -2.4878   2.6108  -3.2068  -3.7530  -2.5210  -3.6863   4.6386  -0.2313  -3.2244
  -1.4005  -4.0169  -2.1837   4.4810  -3.1119  -3.8555  -0.4259   3.8169   0.5846  -3.6024
   0.3802  -2.0943   2.3132   1.9451   1.4447  -4.1928  -0.4009   1.3708  -3.1798   4.0309
   2.3600  -1.0006   3.3748  -4.6725   1.8333  -3.0304   2.4027   1.3062  -2.1249   1.9688
   4.0754  -1.1805   2.7098   3.6864   4.0316  -1.9781  -3.2508   1.7325   4.1533  -4.1474
   3.4078   4.8983  -1.4689   0.3356   0.9833  -1.4372   1.4842   0.1836  -2.5226   0.1200
   0.0449   1.8905  -2.8677   4.1788  -0.9241  -3.0785   3.1598  -0.3750   3.0009  -0.9319
   4.8997   3.9827   1.4105  -1.9014   2.5984   2.1622   3.6578  -0.8622  -1.8204  -2.2238
   4.7104  -4.2382  -1.8908  -4.0929  -3.4989  -4.4444  -0.2196   4.0650   4.8597  -0.7025
   3.6682   3.7978  -1.0841   0.8727  -0.4330   1.1695  -1.2359   3.5102  -1.3683   1.1233
  -4.4990  -1.1064   3.3837  -2.9931   1.6468  -2.8248  -0.0064  -3.6956  -0.9616  -1.6317
  -3.0203   4.3704  -0.6132   2.7606   3.3866  -2.3957   2.9860   4.8790   4.1378   1.0579
>b (rhs) data
  -43.5535
  -35.0588
  -14.4113
  -31.6712
   -7.2481
  -26.2260
   23.4452
   11.8261
  -39.9895
   29.5848
   13.6558
  -10.0154
    0.0646
   25.5205
  -37.0784
>c (costs vector) data
  -2.7047
  -3.7864
  -0.4011
  -3.8462
  -3.3826
  -4.6135
   4.9708
  -1.1444
  -4.8198
   3.9049
>Status flag:
UNBOUNDED