# Randomly generated test case
# Case number: 12; Generated: Wed Dec 31 19:00:00 1969

# Parameters: n=10, m=15, a=10,b=100
>epsilon -- precision parameter
0.01
>A matrix data
   3.3133  -1.8174  -1.3132  -3.7932  -3.6768  -4.6303   3.2375  -4.7974   2.6278   3.9304
  -1.3111  -4.4236   4.7454   2.7710   4.8440   3.8061   4.1336   4.6098   0.6541   0.9256
  -4.9410  -3.6083   1.6174   2.0386   4.0343   1.7055   3.2637  -0.6214   0.6953   4.2786
   3.5209   0.0315   2.8736  -1.8575  -4.0603  -3.2186   4.9135  -3.2782   2.4874   3.9377
  -2.6362  -3.3440  -4.6889   1.4138  -4.0718  -1.4365   4.3990  -1.1303  -1.9385   3.2616
   1.0697  -3.0584  -3.6238  -0.2081  -3.5817  -4.9610  -4.2234   4.5329  -0.8965   4.9634
   2.2384   0.6384  -4.5500   0.1589   4.5209   0.9465  -3.9002   2.0770   4.9482   4.3458
  -3.4203   2.5086  -3.8157  -0.7058   0.7489   4.3524   2.7178   2.1217   4.6971   4.0944
   4.1396   0.8070   4.9843  -4.0662  -2.1011  -2.1657   4.9105   2.7187  -3.0322   3.7198
  -0.8323  -0.7838  -0.8024   0.4380   0.0140   3.3016  -0.5263  -1.6057  -0.0290   3.5437
  -2.7218   2.2005   3.1296   1.8572  -0.7237  -0.7665  -4.6840   2.4358   1.3025  -1.8804
   2.4932  -0.5165   1.4369  -2.0190   2.0739   2.2843  -2.2442   1.5232   4.5775   2.7343
   3.9734   3.6985  -0.8505  -3.4843  -2.5166   2.3747  -1.8970   2.4758  -4.5964   1.2862
   1.2017   3.3531  -3.0252   4.6511   4.0027   3.5358   0.5246  -3.3271  -0.8638  -2.8943
   4.3111   3.4201   0.5614   0.4616  -2.9637  -2.1023   0.7774  -3.1857  -0.0290   3.1759
>b (rhs) data
  -30.1859
  -26.8224
    9.5501
  -41.2502
    7.3214
  -11.2322
   16.9490
   33.1755
   25.1683
   28.4856
   32.8599
   31.3674
  -13.7950
   -0.7295
   -1.6861
>c (costs vector) data
   2.1267
  -0.7694
  -0.0901
  -3.1506
  -2.6222
  -2.6842
  -2.9455
  -3.1260
  -2.2571
   1.3471
>Status flag:
UNBOUNDED