# Randomly generated test case
# Case number: 34; Generated: Sun Nov 19 05:44:16 4461606

# Parameters: n=10, m=15, a=10,b=100
>epsilon -- precision parameter
0.01
>A matrix data
  -1.7937   3.2004  -3.7120   1.3864   2.2497   4.8802   0.3196  -1.9641   0.1483  -3.7984
  -0.4013   3.0170  -3.3281   3.0293   1.1729   2.6936  -2.7321   4.1996   3.9818   2.0676
   2.3557  -2.8801   4.3200  -0.6290   3.0285  -2.4456   2.4437  -3.4743   0.5667  -3.2554
  -2.5115  -3.6402  -3.8639   1.1020   1.1728   4.4910  -1.3998  -1.2900  -1.6384   4.6718
   1.4381  -0.4945  -4.4204   2.3882  -3.2376   4.0509   1.2264   1.9625  -0.3431  -1.9519
  -3.6823   1.8127  -4.8467  -4.4550   3.0901  -3.3372  -1.0106   1.4169   2.9796  -1.1539
  -1.6071  -3.1872  -4.6289   2.9776  -0.7805  -0.4948  -4.0226  -2.9231  -0.1391   1.2791
  -1.9197  -1.5793   2.4998   4.9607   2.1774   1.2724  -1.6974  -0.6263  -2.6274   1.5685
  -0.3152  -0.7405  -3.4957   0.6001  -0.3462   1.9304   0.5545  -3.8184   1.1215   2.5353
  -4.0962   4.5136   4.8942   3.6194   4.8638  -0.5667   4.6375   1.0358   1.6178   0.3430
   1.6794   4.3223  -0.9483   4.7284  -1.6409   1.5246   3.4405  -3.3584  -0.2210  -0.1406
   3.0603  -1.6597  -4.8439  -0.1869  -3.7592   2.0045   1.7365   1.8091   2.8161  -4.3728
  -4.9221   2.9982   2.8451  -0.3304   4.5951  -0.0544   0.1757  -4.3313   3.8508  -4.0186
   1.6549   4.6161   4.3144   1.0790   1.6650  -4.6687   0.3539   3.8952   3.6201  -3.8298
  -0.4171   4.7068  -1.8186  -1.7204   2.3122   2.5348  -0.2094  -3.1021  -1.7528   4.2097
>b (rhs) data
  -29.6962
   21.4023
    8.5912
   -8.9934
   49.3927
  -39.3419
  -15.8626
    3.4463
   13.3436
   47.6806
   14.6550
  -16.4244
    7.6831
   -5.9015
  -43.9415
>c (costs vector) data
   4.9825
  -2.5366
  -1.8080
   1.4860
  -2.1324
   4.7843
  -0.9950
  -3.8742
   2.6509
   4.2934
>Status flag:
UNBOUNDED