# Randomly generated test case
# Case number: 32; Generated: Wed Dec 31 19:00:00 1969

# Parameters: n=10, m=10, a=10,b=100
>epsilon -- precision parameter
0.01
>A matrix data
   4.4665  -4.3414  -0.5767   4.5175   3.2634   2.7933   3.6287  -1.3937  -0.6556  -4.8192
   1.3411  -2.2107   2.5440   1.0883  -4.0163   1.8696  -1.4160  -3.1473  -4.4570  -4.6900
  -4.6997  -2.5533  -4.7151  -3.8072  -1.7545  -2.0649  -1.2837  -0.2944  -4.6703  -2.1201
   1.6435  -2.3932   2.6670  -2.3520  -1.9427   0.3956  -3.9732  -4.0732   0.2150  -4.5394
   0.9343   1.2288   1.5670  -1.8382  -4.4326   3.3175  -4.4569  -3.3963  -3.6938  -1.6511
   4.4900  -2.5994  -4.4479   1.9475  -4.6755   1.9136   2.5923  -1.2279  -3.9390  -3.9637
   1.3912  -3.3552   4.5539  -1.6673  -3.2811   0.8092   2.8846  -0.4452   0.5939  -0.4588
   4.6236   4.4753   1.7652  -2.0672  -4.7714  -2.9855  -3.2574   4.4940  -2.8934   1.4744
  -2.5109   4.1242  -3.9412   4.4793   3.3338   3.2933  -2.4343  -0.1319  -3.7842  -1.3792
   1.0823   0.7550   0.6302   1.8808   4.3734  -0.7421   0.4554   4.2581  -2.0819   0.2240
>b (rhs) data
  -32.9525
    5.3175
   34.2018
  -28.7241
   32.3505
   10.5294
   43.3057
  -20.2999
   -4.8760
  -37.6237
>c (costs vector) data
  -4.3938
   1.0085
   4.4600
  -0.7177
  -4.3279
   3.8307
  -4.2263
   1.2431
   0.9667
  -1.5051
>Status flag:
UNBOUNDED