# Randomly generated test case
# Case number: 26; Generated: Wed Dec 31 19:00:00 1969

# Parameters: n=10, m=15, a=10,b=100
>epsilon -- precision parameter
0.01
>A matrix data
  -2.8385  -4.5367  -1.3524  -3.2309   3.9622   4.5188  -2.9365   0.5142  -4.8164  -4.5353
   0.9226   4.7708  -3.3395   0.7088  -2.0452   1.6015   2.5757   2.4042  -1.6165  -3.1637
   0.2473  -0.4878   1.4621  -1.3106  -3.1223  -0.4022   4.7841  -3.2545   2.9476   1.5473
  -3.6611   3.9217  -1.4289   2.5753   2.0624  -3.1050  -1.4738   3.3417   1.2194  -0.6732
  -4.7817  -4.0420  -1.5248   0.3598  -1.3741   1.2845  -0.5716   0.6392   0.0753   3.0849
  -1.0000        0        0        0        0        0        0        0        0        0
        0  -1.0000        0        0        0        0        0        0        0        0
        0        0  -1.0000        0        0        0        0        0        0        0
        0        0        0  -1.0000        0        0        0        0        0        0
        0        0        0        0  -1.0000        0        0        0        0        0
        0        0        0        0        0  -1.0000        0        0        0        0
        0        0        0        0        0        0  -1.0000        0        0        0
        0        0        0        0        0        0        0  -1.0000        0        0
        0        0        0        0        0        0        0        0  -1.0000        0
        0        0        0        0        0        0        0        0        0  -1.0000
>b (rhs) data
   36.2994
  -26.2238
   33.6907
  -34.2715
  -10.9885
         0
         0
         0
         0
         0
         0
         0
         0
         0
         0
>c (costs vector) data
   4.6633
   4.5287
  -3.0560
   2.5944
  -2.9853
  -4.7995
  -0.5680
   1.4189
  -3.8469
   2.3964
>Status flag:
UNBOUNDED