# Randomly generated test case
# Case number: 32; Generated: Wed Dec 31 19:00:00 1969

# Parameters: n=10, m=20, a=10,b=100
>epsilon -- precision parameter
0.01
>A matrix data
  -1.1298   3.5237   0.6857   3.9744   3.6662   4.6320   0.5721   3.2277  -1.7143  -2.0436
  -0.8937   0.8147  -0.0107  -2.7059  -2.2594   1.8035  -4.8305   3.6961  -1.9542   3.8828
  -4.8500   4.7167  -2.4211  -0.5073  -3.6947  -0.5321  -1.8144  -2.2176  -3.8619   2.4420
  -4.3640  -0.8895  -2.2590   2.7542  -0.7709  -4.5747  -2.7287  -2.8288   3.6111   4.4736
  -4.9618  -3.2346   3.1152   0.4918   0.0237   1.1685  -2.6138  -0.0527   4.0593  -1.5455
   4.5630  -2.0489  -1.8110   1.7438  -4.5603  -4.6012   3.1949  -2.7506  -2.4156   4.3519
   0.1678   0.7507   2.8413  -0.0330  -0.1467  -0.3162   1.0873  -2.1534   3.8094   4.1501
   2.5648  -2.2014  -0.7076   1.1581  -3.0899  -2.2446  -2.0318  -4.4192  -4.7184  -4.7087
  -1.7031   1.5077  -1.7315   2.3050  -1.2756   4.1465  -2.0830   0.7076  -0.8707  -2.1470
   3.2377  -2.7926  -1.9079  -4.1394  -2.8371   1.3621  -1.2489  -0.4243  -0.4276  -1.7437
  -1.0000        0        0        0        0        0        0        0        0        0
        0  -1.0000        0        0        0        0        0        0        0        0
        0        0  -1.0000        0        0        0        0        0        0        0
        0        0        0  -1.0000        0        0        0        0        0        0
        0        0        0        0  -1.0000        0        0        0        0        0
        0        0        0        0        0  -1.0000        0        0        0        0
        0        0        0        0        0        0  -1.0000        0        0        0
        0        0        0        0        0        0        0  -1.0000        0        0
        0        0        0        0        0        0        0        0  -1.0000        0
        0        0        0        0        0        0        0        0        0  -1.0000
>b (rhs) data
   45.0988
   -4.5487
  -15.2570
    6.7792
  -43.6803
   26.8185
   24.4327
   -4.7694
   -6.7425
   46.4414
         0
         0
         0
         0
         0
         0
         0
         0
         0
         0
>c (costs vector) data
  -4.4127
   1.0579
  -1.0751
  -2.1085
   2.0806
   2.7794
   2.4347
  -3.2071
   3.9223
   1.0668
>x -- known optimal solution
   31.7680
         0
   11.0534
         0
    9.3149
         0
         0
   15.2028
    5.7228
         0

# Optimal objective: -158.998
