# Randomly generated test case
# Case number: 43; Generated: Wed Dec 31 19:00:00 1969

# Parameters: n=10, m=15, a=10,b=100
>epsilon -- precision parameter
0.01
>A matrix data
  -3.6045  -0.9474   3.0231  -1.8939  -4.5356  -1.5805  -3.3165  -2.0641  -0.1736   0.9663
   4.7474   4.2301  -3.6376  -4.6771  -2.7665  -1.2289  -2.1136   3.3871   4.0333   1.7984
   2.6549  -3.0950   3.5086   4.9065  -1.6725  -2.8290   4.8666   2.6920   0.2762  -0.9616
  -2.8781  -4.6013  -3.6683  -4.9766  -0.2841  -4.2836   3.8374   1.0155   2.5289  -2.7978
   4.9785   4.5787   3.4767   2.2352   3.7179   3.8651   0.8376  -4.4855  -1.7181  -2.6360
   4.1039   4.8940   3.3148  -0.5944  -4.0688   3.6341   0.4500  -1.1086  -4.7895  -0.0616
  -1.9517   2.9822  -3.1283   4.5523   1.8451   4.4410   4.2643   2.8648  -1.1201   4.5671
  -0.2598  -0.7747   0.2001  -1.1525   2.5233   2.4951  -2.2909   4.0810  -0.0525   4.9727
   1.8723  -0.1474   4.8924  -1.8465  -4.2321  -4.3594   3.2686  -3.0637   2.5505  -2.7729
  -2.0390  -4.1230  -2.5067   0.8395   0.0629   0.9064   3.1197  -4.1721   2.0499   2.0633
   3.5425  -2.4953   2.0299   2.7157  -2.6066  -2.1113   2.6249   2.9823  -0.6811  -2.7867
  -1.3601   2.6536  -1.4083  -1.5458  -4.2410  -0.2938   3.7800  -0.0957  -1.7330   4.0626
   4.9548   0.9486   2.7547   4.1207  -0.2504   4.0856  -1.4788   0.2177   2.7908   0.0085
  -0.0754  -2.7432   4.7163  -2.8690  -1.0312   2.9202   2.5682  -0.6887   2.0630  -0.0139
  -1.5615  -2.0061  -2.6218  -3.9254  -1.6324  -4.6088  -1.0179  -2.6234  -3.8632  -3.3838
>b (rhs) data
    8.1864
   25.2183
   49.9993
  -29.5138
   -3.2719
   -4.3952
   31.6752
  -14.6705
   -1.0609
  -34.7296
   42.4251
   11.9353
   48.8330
  -23.5188
   20.3981
>c (costs vector) data
  -2.8964
   2.4261
   2.4591
   0.9284
  -1.0240
   0.5498
  -1.6131
  -1.2462
   1.3729
   1.2089
>Status flag:
UNBOUNDED