# Randomly generated test case
# Case number: 0; Generated: Wed Dec 31 19:00:00 1969

# Parameters: n=10, m=20, a=10,b=100
>epsilon -- precision parameter
0.01
>A matrix data
   1.3764  -1.8691  -4.6472   0.3026  -4.1510  -0.0064  -4.4083  -3.0261   4.9330   0.5430
   0.4600   3.7345   3.7054  -3.7359   2.4411   1.4089  -2.4726  -4.9044  -3.7839   4.5731
   4.5256  -2.1507  -2.6016   3.1251   1.2568  -0.2701   3.8809   1.1570  -2.4457  -1.1934
   2.4511  -3.6298   4.9969  -4.8194   1.0821  -3.6375   2.6575  -2.8690  -3.1976  -4.4850
  -1.5682  -0.6614  -0.8723   2.6943  -2.8266   1.8825  -3.5054  -1.0951   0.5482  -3.8165
  -0.0233  -1.5465   1.8731   0.7639  -4.4145  -2.5495   2.6283  -0.7514  -4.8668   2.1093
  -4.4355   2.3263  -1.8304  -0.3367  -0.4303  -2.1371   4.2638  -1.3990   3.5398   4.7836
   4.5878   4.2163   1.3625   3.4731  -4.0170   3.0936   4.7403  -2.2395   0.1962  -2.3372
   3.0426   3.2427   0.8862  -1.9602  -1.6781  -1.3157   2.3715  -1.8878  -4.2455   0.8125
  -4.5646   0.7888  -0.6353  -3.4315   4.5947  -1.1218   1.1400   4.4393  -1.0631  -2.2045
  -1.0000        0        0        0        0        0        0        0        0        0
        0  -1.0000        0        0        0        0        0        0        0        0
        0        0  -1.0000        0        0        0        0        0        0        0
        0        0        0  -1.0000        0        0        0        0        0        0
        0        0        0        0  -1.0000        0        0        0        0        0
        0        0        0        0        0  -1.0000        0        0        0        0
        0        0        0        0        0        0  -1.0000        0        0        0
        0        0        0        0        0        0        0  -1.0000        0        0
        0        0        0        0        0        0        0        0  -1.0000        0
        0        0        0        0        0        0        0        0        0  -1.0000
>b (rhs) data
  -28.9952
   12.4056
   -6.9773
   14.7593
   17.6916
  -23.7528
   12.2154
  -28.9600
   16.4768
  -26.2270
         0
         0
         0
         0
         0
         0
         0
         0
         0
         0
>c (costs vector) data
  -4.2718
  -3.7853
  -2.7887
  -3.2609
   2.9904
  -3.9095
   4.6157
  -1.0493
  -0.7221
   4.4124
>Status flag:
UNBOUNDED