# Randomly generated test case
# Case number: 13; Generated: Wed Dec 31 19:00:00 1969

# Parameters: n=10, m=15, a=10,b=100
>epsilon -- precision parameter
0.01
>A matrix data
  -1.3654   3.4645  -3.4866   0.4261   0.3523  -2.3173   2.9190  -4.9012  -3.8765  -2.9644
  -3.0547   4.6894   4.7390  -2.5902   2.8056  -4.6702   1.9359   0.9886  -4.2920  -3.1028
   4.9834  -1.8999   2.6164   1.1032  -0.1714  -0.0593  -2.7528   0.7037   3.2213   3.4709
  -4.3209  -1.7806   0.2463  -4.2124  -3.3704   1.2030   3.9585   2.5200   2.5552  -4.8675
  -1.8812   4.1719  -0.2645   1.5933  -3.4402  -3.8410  -4.4903  -1.4556  -2.2693  -1.8409
   4.6747   2.7871  -1.0526  -3.0705  -1.9111  -1.9959  -0.3885  -0.8723  -2.1381  -4.7016
  -3.2009  -2.1057  -3.8014  -3.4050   0.9506  -2.2002  -2.2607  -0.0117   0.8555   1.9326
  -4.3796  -4.8214   2.2834   1.4926   0.4594   2.4535   4.3339  -1.5800   4.0968   3.2910
   0.9341   2.9098   0.6893  -1.7230  -1.5614   1.1808   3.1722   2.3253  -2.6021   4.8338
   2.0794   0.2344   1.3435   0.7477  -4.1560   0.7211   2.9345   4.2230  -1.2517   0.5987
   3.5817   0.7385  -4.1318   1.0179   3.5542  -4.6068   1.7816  -2.6511  -4.3423   1.8981
  -0.4038   2.9120  -1.4816  -1.7450   2.2670   1.4912   1.2589   2.4318  -1.5857  -4.4443
  -0.2135   2.7853   4.8085   1.1383  -1.9005   0.7374   3.8982   3.7936   3.3682   2.7211
  -1.3910   4.4909   3.2896  -4.9655  -0.0755  -2.0569  -1.5967  -2.9175  -1.7007   3.3120
  -1.3958  -3.4871   2.4270  -0.6722  -2.5851   3.5427   4.1032  -3.7663   3.9445  -1.1006
>b (rhs) data
  -28.7486
    6.9296
  -24.6017
  -42.3347
  -30.2120
   25.0209
   11.0117
  -33.2208
   43.6214
  -32.9400
  -47.5287
  -39.3789
   -4.6074
   18.6598
  -21.5108
>c (costs vector) data
   0.6765
   4.9884
  -2.9986
   1.8166
   1.7735
  -4.5851
   3.2777
   2.3454
   1.3085
   0.7167
>Status flag:
UNBOUNDED