# Randomly generated test case
# Case number: 49; Generated: Wed Dec 31 19:00:00 1969

# Parameters: n=10, m=10, a=10,b=100
>epsilon -- precision parameter
0.01
>A matrix data
   0.1226   0.2584   4.1058   1.5540  -3.1548   3.0363   4.7188  -3.9932   0.4451   4.6881
   4.3888   2.6400  -4.4646  -0.4766  -0.4241   0.6020  -2.0510   3.7776  -3.6902  -2.5658
   0.6669  -3.1450  -2.4488  -4.8857  -3.1626  -3.6942   4.7088   0.8181  -4.4107   3.2191
   4.2741   4.9279  -2.0045   2.3111   2.6379   3.8537  -2.3492   3.9321   1.3436  -3.8749
  -2.1861  -0.8533   3.6603   1.3168   4.6652  -0.6983  -2.7899  -3.4373   3.6866  -1.8924
  -2.3758  -3.9621   0.6604  -1.5904  -3.8483  -4.5699   0.3634   2.0643   1.4226  -3.7564
  -4.2682  -0.4415   2.0113  -2.6964   3.7539   4.4621  -4.0465   1.9801  -3.3362   4.5124
  -4.8707   3.0751   0.1073   0.9671   4.8855  -2.0636   4.0766   0.0083  -3.3699   1.8434
  -4.9750   4.5862   1.1584  -0.5112   2.9763  -4.0440   0.3153   1.7618  -3.2556  -4.3246
   2.6719  -3.3913   4.7536  -1.2094  -3.9831   0.6560  -0.4373  -0.2583  -2.9478  -3.0058
>b (rhs) data
   25.3440
  -35.3012
   39.4429
   23.0046
   46.4487
    4.4132
   15.5373
    6.9640
   -7.0968
  -23.6178
>c (costs vector) data
  -2.8592
   0.1724
   1.5371
  -4.0245
   0.1498
   1.3375
  -3.9738
   1.5889
   2.5855
   4.4084
>Status flag:
UNBOUNDED