# Randomly generated test case
# Case number: 39; Generated: Wed Dec 31 19:00:00 1969

# Parameters: n=10, m=15, a=10,b=100
>epsilon -- precision parameter
0.01
>A matrix data
   4.0910   0.1538  -2.7244   3.9078  -0.2372   2.6519  -2.3587   1.6192  -3.8110  -4.8740
   1.2620  -3.6903  -0.6897  -1.4829  -3.9139  -0.4534   0.4111  -0.7965   0.0309   1.2888
  -3.1298  -0.7832   0.8678   3.4162   0.2088  -0.4132  -0.4202  -3.1638   1.3901   2.6026
  -1.6828  -0.2110  -2.1248  -4.3044  -0.1864  -1.6425  -3.2868  -3.9810  -1.7099   1.7504
   3.8962   0.3966   3.6687  -4.1168   0.8764  -1.7561   3.3349   3.7077  -2.8884  -3.7921
  -1.0000        0        0        0        0        0        0        0        0        0
        0  -1.0000        0        0        0        0        0        0        0        0
        0        0  -1.0000        0        0        0        0        0        0        0
        0        0        0  -1.0000        0        0        0        0        0        0
        0        0        0        0  -1.0000        0        0        0        0        0
        0        0        0        0        0  -1.0000        0        0        0        0
        0        0        0        0        0        0  -1.0000        0        0        0
        0        0        0        0        0        0        0  -1.0000        0        0
        0        0        0        0        0        0        0        0  -1.0000        0
        0        0        0        0        0        0        0        0        0  -1.0000
>b (rhs) data
    7.8275
  -48.9252
  -49.9670
  -31.0076
  -19.6202
         0
         0
         0
         0
         0
         0
         0
         0
         0
         0
>c (costs vector) data
  -4.4787
   1.3987
  -0.1169
  -3.3039
   3.0086
   4.4451
  -3.6369
   0.0339
   0.6625
   2.4123
>Status flag:
UNBOUNDED