# Randomly generated test case
# Case number: 27; Generated: Wed Dec 31 19:00:00 1969

# Parameters: n=10, m=25, a=10,b=100
>epsilon -- precision parameter
0.01
>A matrix data
   2.0127  -4.8399   0.7077  -4.8421  -2.8499  -2.4429  -4.2865  -0.2051   4.6031   4.3383
  -0.7181   1.2506   3.4226  -1.3000  -2.5043  -1.1051  -3.0110  -4.7359   1.2273  -3.8160
   3.9518   3.4621  -1.7145  -3.0541   2.5910  -0.2872   3.0051  -1.2273  -0.2855   4.5530
  -3.7376  -2.3808  -4.7654   2.4047  -1.7339   4.9527  -3.5941  -2.3806  -2.6928   2.9557
   3.5602  -2.9255   0.7105  -1.9087  -1.2900  -0.9777  -2.7307   3.5037   1.6496   0.6875
   2.9151  -3.0354  -0.6745   4.9814   3.1010   2.5192  -4.3776   0.9985  -1.1631   1.8556
  -3.0868   4.3276   3.6860   2.4840   0.5909  -2.9834   3.3290  -0.3940   2.3906  -3.9287
  -4.6486  -2.1684   0.5659   2.7902  -0.3372  -1.2106   1.3815   3.0800   2.4441   1.6193
  -0.5433  -3.0796  -0.2304   1.6936  -1.4041  -4.4178   4.8889  -4.0902   0.3911   1.2901
   0.9205   3.2942   4.9489   0.9799   4.6492  -0.2230   1.9960   4.8088  -4.3684   2.4750
   4.8214  -0.9872  -3.1861   1.9848   0.8118  -2.1908   1.7524  -0.8125   0.4117   4.8668
  -4.7226   2.4665   2.2066   3.2029   0.6182   4.0082  -4.1938  -0.3582  -3.4856   4.3663
   3.3979  -1.1853   0.4118   2.3438   4.0815   1.7648   0.1032   2.9477  -1.5900  -4.5516
  -0.9078  -0.6372  -2.0039   3.3418  -4.0441  -2.3545   3.5468  -3.2549   3.3722  -2.9091
  -2.7118   0.3863  -4.3846   1.0693  -3.6955  -2.0651  -0.7986   1.7513  -4.3663   3.8461
  -1.0000        0        0        0        0        0        0        0        0        0
        0  -1.0000        0        0        0        0        0        0        0        0
        0        0  -1.0000        0        0        0        0        0        0        0
        0        0        0  -1.0000        0        0        0        0        0        0
        0        0        0        0  -1.0000        0        0        0        0        0
        0        0        0        0        0  -1.0000        0        0        0        0
        0        0        0        0        0        0  -1.0000        0        0        0
        0        0        0        0        0        0        0  -1.0000        0        0
        0        0        0        0        0        0        0        0  -1.0000        0
        0        0        0        0        0        0        0        0        0  -1.0000
>b (rhs) data
  -27.4318
    2.4691
   48.0064
  -18.7582
   47.0390
   -8.1122
    5.1366
   16.4268
   37.0881
   44.8048
   36.8978
   30.0015
  -39.4977
  -33.4448
  -33.3005
         0
         0
         0
         0
         0
         0
         0
         0
         0
         0
>c (costs vector) data
   0.3533
  -4.8628
   4.3678
  -1.8605
   3.8320
   1.5753
   2.0816
  -1.5458
  -1.0849
  -0.8382
>Status flag:
INFEASIBLE