# Randomly generated test case
# Case number: 17; Generated: Wed Dec 31 19:00:00 1969

# Parameters: n=10, m=25, a=10,b=100
>epsilon -- precision parameter
0.01
>A matrix data
   4.4749  -4.7165  -4.2639  -3.7438  -1.5012  -4.5623  -1.2090  -4.6851   0.6979   2.2927
   1.3019   3.4975   4.0314  -2.4205   4.4980  -2.8180  -1.4175  -3.1524   0.2519   3.5634
  -2.6943  -1.0957  -0.2102  -0.3686  -1.4656  -0.1346  -0.8023  -4.9437  -0.4705  -1.3141
   3.1296  -1.1309  -0.0180   0.8844   1.4267   4.5256  -3.7525  -1.7221  -4.8824  -1.6711
  -4.5316  -2.2535   3.5523   1.5618   4.8104  -3.4304  -3.0321   3.5534  -1.6816   0.0939
  -3.4431  -1.8815   0.6101   2.5113  -0.0100   2.8045  -2.3900   4.9815   1.3508   0.0340
   4.5045   3.5311   0.0156   0.6507  -4.9481  -3.4710  -0.9066   3.0997  -0.2683  -1.1667
  -4.8930  -4.6553   2.1460   2.1180   4.2461   1.3665   4.1547   4.1800   3.5289   0.2025
  -1.2250   1.9503  -1.0816  -2.4376   2.5904   0.9822  -2.1824  -0.3797  -4.4147   3.7644
  -2.3818  -4.8373  -0.2475   2.7309   0.7990   3.6427  -2.2447  -2.6920  -2.8359  -1.3072
  -1.9829  -1.0159   3.3677  -4.3213  -1.4558  -4.6152   3.7819   2.8085  -4.7893   2.1434
  -1.4529  -4.2362   0.6616  -0.9975   3.7748   1.9307   2.5792  -4.8445  -3.1299   4.8896
   4.1541   3.3397   1.4945   0.5860  -2.4803   0.5050  -0.5827  -1.2564  -3.7591  -2.1093
   1.5101  -4.0223   1.5996  -0.5862   0.2687   1.1482   2.1241  -2.9316   3.1064   1.4643
  -4.4719  -0.4776  -4.6054   4.7555   2.9462   2.7715  -0.6118  -3.9087   1.5456   1.9263
  -1.0000        0        0        0        0        0        0        0        0        0
        0  -1.0000        0        0        0        0        0        0        0        0
        0        0  -1.0000        0        0        0        0        0        0        0
        0        0        0  -1.0000        0        0        0        0        0        0
        0        0        0        0  -1.0000        0        0        0        0        0
        0        0        0        0        0  -1.0000        0        0        0        0
        0        0        0        0        0        0  -1.0000        0        0        0
        0        0        0        0        0        0        0  -1.0000        0        0
        0        0        0        0        0        0        0        0  -1.0000        0
        0        0        0        0        0        0        0        0        0  -1.0000
>b (rhs) data
   13.8782
  -19.5225
  -33.8888
   13.0292
   -8.7045
   29.3235
   20.0660
   44.6800
  -48.8952
   15.7301
  -33.5592
    4.2700
  -36.6161
   40.4768
   46.8587
         0
         0
         0
         0
         0
         0
         0
         0
         0
         0
>c (costs vector) data
  -1.7208
   1.6027
   2.7758
   3.9873
   0.4124
   3.3162
   4.0667
   3.8792
   4.4137
  -0.0797
>Status flag:
INFEASIBLE