# Randomly generated test case
# Case number: 34; Generated: Wed Dec 31 19:00:00 1969

# Parameters: n=10, m=10, a=10,b=100
>epsilon -- precision parameter
0.01
>A matrix data
   0.6361   3.2956  -2.8384  -3.3777   1.7398   4.7524   1.2009   3.1348   4.4883   1.3992
  -2.9801  -3.8777  -1.5120   4.7722   0.8091  -0.9831   4.6124  -2.2813  -3.6761  -4.9518
  -2.5707  -3.1397  -2.0858   2.1859  -2.1190   1.8310   2.2712   4.1184  -1.9024  -2.3093
   4.2396   0.3009   1.2711  -2.5106  -1.3229  -2.7557   2.3565  -4.0543   3.9851   1.6960
  -3.8623   0.0101   3.3769   2.7921   0.7470   2.3468  -2.8651  -4.0767   4.1566  -2.4911
   1.0290  -0.8442   3.4003   4.9191   0.3832  -1.2356  -3.6846  -4.3503   1.5156  -0.4825
   2.4876   1.5927  -2.8590   2.7675  -1.6344   1.4646   0.5502  -0.0683  -1.3471   0.6777
  -0.4116  -1.1954   4.6010   1.0744  -3.1898   2.7788  -1.6290  -4.1780  -4.1847  -3.2257
   1.6150   2.8433  -2.4838   4.5490  -4.6158  -2.8775  -2.7849  -2.5643  -4.5331  -0.9251
  -2.1065   2.1687   1.5975   0.6734   3.6177  -1.6533   4.4735  -4.2289   3.4128   2.5105
>b (rhs) data
  -42.7659
  -13.6885
  -43.6291
    9.2685
   18.4416
   31.4303
   17.0738
   -5.1981
   17.7623
    8.2971
>c (costs vector) data
  -2.7635
  -0.1252
  -4.5280
  -1.9111
   4.3564
  -2.5501
   2.4548
  -2.6168
  -4.9973
   3.5328
>Status flag:
UNBOUNDED