# Randomly generated test case
# Case number: 37; Generated: Wed Dec 31 19:00:00 1969

# Parameters: n=10, m=10, a=10,b=100
>epsilon -- precision parameter
0.01
>A matrix data
   3.2615   4.7843  -1.8640   0.4895   3.8913   3.0069   2.5654   2.4537   0.6467   4.8784
  -1.6372  -1.4617   2.1206  -4.5638  -0.7227   3.1251   1.5517  -0.3881   1.9670  -4.2267
   4.2625   0.9047   3.5808  -1.2220  -0.3205  -2.2509  -2.7165   4.7257   3.3580   0.8712
   3.2861   3.4895   2.1077  -2.1508  -4.6591   4.7832  -2.4697   3.8402   0.5442  -4.7508
   0.3620  -2.1466  -0.8769   0.1548  -3.8371  -0.5308   4.7892  -4.6722   1.6840  -4.0770
  -0.6002  -2.9898   0.0263  -4.5218  -0.0750   0.8242   4.4804  -1.7551   1.2308   3.5612
   1.5271  -4.1595   1.2547   2.3102   4.0762  -4.6581   0.0048   4.9238   1.8478  -1.6177
   2.0755  -0.8279   3.7831  -1.4000  -2.7256  -4.7372   2.9886   3.2936  -4.8792   3.8422
   0.8320  -4.5550   3.2687   1.1466   3.6888  -0.5691   1.5771  -0.8516   2.9779  -3.1900
  -2.2365   2.1268   2.2190  -0.0328   3.0564   0.5901  -4.5558   2.2837  -3.7418   0.7179
>b (rhs) data
  -16.8434
  -46.0411
  -49.6324
   35.7946
   30.1949
    1.3779
  -22.5646
  -42.4265
  -13.5144
  -49.3107
>c (costs vector) data
   3.4096
   4.2764
   1.6058
  -0.5825
   4.1217
   3.9350
  -1.1654
   3.4645
   1.8985
   1.2947
>Status flag:
UNBOUNDED