# Randomly generated test case
# Case number: 26; Generated: Wed Dec 31 19:00:00 1969

# Parameters: n=10, m=25, a=10,b=100
>epsilon -- precision parameter
0.01
>A matrix data
   1.6197   0.1593   0.8176   1.5112   0.1265   0.1573   1.9182   0.6700  -4.1912   3.6669
   4.8793  -4.4675  -3.5588   4.9523   2.7834   2.6606   4.0268  -3.8960  -3.2021   3.1443
   0.2697  -3.0696   3.1621  -1.8105  -0.9067   4.3481   3.5410   2.5309   0.4158  -4.8357
  -1.0876   3.7627   3.2610   1.3559  -2.4622   2.9821  -1.8533   1.4146  -0.3639   1.1948
  -0.6590   3.1781  -2.3760  -1.5298  -3.3733   1.4302   3.7865   4.1551  -3.2358  -1.9239
  -1.1542  -4.9227   2.7560   4.4627  -2.5303   0.2939  -2.8298  -4.5570   0.5229   0.0806
  -2.7099  -1.4143   0.8232   0.8641  -4.3132  -4.3118  -2.6370   2.8224   2.0546  -2.2064
  -0.4422  -4.6865  -4.7631  -2.0036  -1.0319   3.2336  -2.0682   0.4478  -3.7778   0.1584
  -1.0786   1.3908  -1.1794  -4.9193   2.0952   3.5628   1.2938   2.0493   4.2672  -0.0730
   4.0522  -0.6910  -2.0043  -4.5602  -2.9460  -3.9959  -1.6115  -4.3864  -3.9967   0.6342
   2.9474   2.5087  -4.4791   1.1773   2.4570   4.6700  -0.1919   3.8617  -2.8470   1.4829
   0.9211   4.7821  -1.0868  -4.7061   1.2658  -4.6376  -2.5819  -1.7069   1.7808  -3.8809
  -2.8401   4.8313   2.4792  -4.7274   2.9068  -4.8703   3.2357   4.2216  -4.6563  -2.1250
   3.4936  -3.6225  -2.0181  -2.1045   0.2863   1.7807  -0.9709   4.6827   4.2602   4.8918
  -2.1422  -1.1440  -4.8843  -0.6616   0.1582  -0.5278  -3.6621   4.0446  -1.1785  -2.8324
  -1.0000        0        0        0        0        0        0        0        0        0
        0  -1.0000        0        0        0        0        0        0        0        0
        0        0  -1.0000        0        0        0        0        0        0        0
        0        0        0  -1.0000        0        0        0        0        0        0
        0        0        0        0  -1.0000        0        0        0        0        0
        0        0        0        0        0  -1.0000        0        0        0        0
        0        0        0        0        0        0  -1.0000        0        0        0
        0        0        0        0        0        0        0  -1.0000        0        0
        0        0        0        0        0        0        0        0  -1.0000        0
        0        0        0        0        0        0        0        0        0  -1.0000
>b (rhs) data
  -39.7496
   13.1763
  -46.8554
  -43.0501
  -28.8674
   11.8665
   33.1026
   43.6494
   24.1351
  -37.2746
   37.5523
  -14.3132
  -46.0213
  -48.1025
   40.2318
         0
         0
         0
         0
         0
         0
         0
         0
         0
         0
>c (costs vector) data
  -3.5062
  -4.2216
   4.0479
   0.7934
  -4.6587
  -2.9390
  -2.1636
  -2.2808
   3.7210
   3.0572
>Status flag:
INFEASIBLE