# Randomly generated test case
# Case number: 36; Generated: Sun Nov 19 05:44:16 4461606

# Parameters: n=10, m=15, a=10,b=100
>epsilon -- precision parameter
0.01
>A matrix data
   0.5179   0.1003  -0.2348  -3.6669  -0.5540  -1.2213  -1.5086  -3.4593   2.0036  -2.8643
   3.9273  -3.7382  -2.8090   1.4576  -4.1864  -4.7276   4.8659  -2.0694   4.6795   0.5471
  -3.7696  -0.9023   3.7607  -0.9270  -3.9721  -0.1843   2.9301  -4.3657   0.4929   3.8895
   3.6766   4.1188   0.6693   1.7690   2.1499   1.9285  -3.1397   1.8009  -3.4476  -0.8923
  -0.0268  -0.6187  -3.8332  -4.9870  -3.3347  -2.2009   4.1351   1.2048   0.7076   3.4730
  -0.2691   3.4566  -4.6609   4.7951  -3.8447   1.4323   2.6580  -1.8143   1.3466  -2.1606
   2.2606  -2.2677   4.2526  -2.1154  -1.0852   0.4139   1.0983  -2.5188   3.0335  -3.9877
  -2.0375   0.1712   0.5286   0.9202  -1.1507  -2.0498   3.3833   4.2356  -0.4465  -0.9673
  -0.9348  -1.8070  -4.2725  -3.0882   2.9627   4.8079  -3.6758   1.5147  -3.7537   2.1233
   4.6511  -1.6075   3.3069   0.2191   4.7907   1.6437  -0.7887  -4.2671  -4.0298  -2.0864
   3.3395  -1.1930  -4.6674   0.1981  -4.4922  -2.6767   4.2703  -3.4398  -1.1459  -3.9350
  -0.2968   1.6370   3.2408  -2.7418  -1.6481   3.2605   0.3800  -0.9866   0.9248   2.4342
   3.9868  -0.0864   0.0381  -4.2751  -1.0255  -0.7232   4.8019   0.2090  -4.1974   2.9252
   2.1052  -0.4185  -0.6893  -3.8109  -3.5811  -4.5192  -4.1109  -1.2277   4.3285   4.0459
  -0.4801   0.9839   2.4085   1.7144  -3.6878  -3.8462   1.4709   4.1564  -4.8497   0.8139
>b (rhs) data
   16.6320
    8.2130
  -45.7149
   43.1273
    8.4955
   26.3557
   -2.6636
   49.1337
    1.8839
   -8.1450
    1.7217
   47.2069
  -12.4512
  -21.5656
  -33.8694
>c (costs vector) data
  -3.8753
  -0.7258
   2.4883
   3.7901
  -3.4188
   3.4946
   3.0162
  -4.4565
  -3.9028
   4.5721
>Status flag:
UNBOUNDED