# Randomly generated test case
# Case number: 49; Generated: Wed Dec 31 19:00:00 1969

# Parameters: n=10, m=15, a=10,b=100
>epsilon -- precision parameter
0.01
>A matrix data
   2.7313   2.8246  -4.1222  -4.7829  -1.0099  -1.6082  -3.0976   2.1866  -4.0774  -4.3172
  -0.2105   4.7984  -2.2137   0.0103  -1.3653  -0.6229   3.0265  -2.7773  -3.6045  -2.5012
   3.3014   0.5700  -1.5208  -3.1504  -4.1230  -4.6792  -0.6560   4.1361  -1.0762  -0.1805
  -2.0070   2.8528  -0.3755  -4.7622  -1.9931   3.9131   0.8105  -1.4436  -2.7926  -3.7609
   3.1255  -4.9348  -4.4129  -1.2673  -1.3875  -4.6266  -2.6941  -1.8558   4.9911  -0.8804
  -1.0000        0        0        0        0        0        0        0        0        0
        0  -1.0000        0        0        0        0        0        0        0        0
        0        0  -1.0000        0        0        0        0        0        0        0
        0        0        0  -1.0000        0        0        0        0        0        0
        0        0        0        0  -1.0000        0        0        0        0        0
        0        0        0        0        0  -1.0000        0        0        0        0
        0        0        0        0        0        0  -1.0000        0        0        0
        0        0        0        0        0        0        0  -1.0000        0        0
        0        0        0        0        0        0        0        0  -1.0000        0
        0        0        0        0        0        0        0        0        0  -1.0000
>b (rhs) data
  -19.0776
  -12.2686
   -7.4144
   33.6339
  -19.0660
         0
         0
         0
         0
         0
         0
         0
         0
         0
         0
>c (costs vector) data
   3.1926
   3.7755
   3.4209
  -2.0076
   4.2413
  -3.7785
   2.3056
   4.4723
   2.7706
  -1.8518
>Status flag:
UNBOUNDED