# Randomly generated test case
# Case number: 30; Generated: Wed Dec 31 19:00:00 1969

# Parameters: n=10, m=15, a=10,b=100
>epsilon -- precision parameter
0.01
>A matrix data
   2.7213   2.1471  -3.5669   2.3738  -1.4368  -4.2722  -0.8165  -2.8194   2.5677  -2.9974
  -2.8847  -1.7260  -2.3662   0.8947  -3.5385   1.5777   1.1157  -4.8056  -1.2593   0.6700
  -0.3727  -1.6873   2.0869   3.0876   1.4153  -3.9290   2.9262   4.9362   2.2576  -2.1268
  -0.5541   2.2111  -0.2832  -3.7258  -2.3717  -1.3622   3.2343   1.0946  -1.5347   2.1310
   4.5365   1.1156   2.6478  -0.9275   2.6536   1.3812   2.5758  -2.4174  -1.8506  -0.1361
  -3.9619  -4.3205   0.9781   0.1062   4.5321  -0.3132   3.5604   0.5651  -2.5414   4.5340
  -2.3244  -4.6505   1.8186   0.0423   0.7437  -2.0913  -0.7313   3.2410   4.0249   1.4766
   0.7273  -1.4970   1.0828  -0.4838   2.2942  -1.0991  -3.1765   1.4148  -0.0538  -3.1384
   1.5847  -3.4099   3.0433  -2.9660   4.0519  -1.9900  -3.9538  -0.3848   1.1824   2.3871
   0.5609  -1.1399   3.0189  -0.5625  -0.0560   4.0155   3.6307  -4.7529   2.3409   3.1598
  -2.0859   4.0004  -2.7101   3.4823   0.4577  -2.1963   0.7925  -3.8664   2.1687   1.0596
   3.8411   2.3905   1.0988   0.7394  -3.8390  -0.3751  -0.2158   4.0116  -1.6039  -4.2525
   2.4547  -0.6064   4.8687   2.5526   1.5953   4.6056  -2.4086  -3.4266   4.7022   3.3242
   3.5693   4.5586   1.5646   4.6531  -4.8287   1.7631   0.6390   2.6649  -1.7046  -2.2687
   0.3512   4.8165  -0.7257  -3.5966  -1.0315   1.6212  -3.3147   3.1711  -0.7101   3.7400
>b (rhs) data
   36.9672
    1.5385
  -41.9788
   36.8409
  -35.4511
  -42.2224
   41.5602
  -25.5822
   10.4383
   -9.0768
   40.2613
  -13.0603
   -6.0863
  -46.2835
   20.2871
>c (costs vector) data
  -2.3519
   3.6305
  -2.2293
   4.4245
   3.6805
   3.4085
   4.1813
  -0.4225
  -4.5327
  -3.8360
>x -- known optimal solution
   40.2788
  -43.0292
  -92.5199
  -41.9759
   10.9904
   45.9465
   30.8974
   32.7887
   31.7656
  -12.5326

# Optimal objective: -13.9289
