# Randomly generated test case
# Case number: 10; Generated: Wed Dec 31 19:00:00 1969

# Parameters: n=10, m=10, a=10,b=100
>epsilon -- precision parameter
0.01
>A matrix data
  -4.1804   1.4914   4.0982  -1.4931  -1.9436  -3.0308  -3.0018  -3.5321  -0.0444  -2.2824
   4.6380   0.5720  -1.9364   2.1066   3.6760  -3.1914  -0.5478   0.3859  -0.2321   0.7637
   3.2832  -2.4918   0.4056  -1.1827  -0.8420  -1.2219  -1.0690   1.6119  -3.7690  -3.6920
   3.8557   3.6010  -0.2723  -3.3260   0.4044  -1.5467  -4.0896  -1.3889  -3.1701   1.0434
   4.0374   2.6244   0.4345   0.1624  -1.3988   3.8556   0.8076  -3.2734   2.1637   3.4377
  -1.4913  -1.0398  -1.5551   4.6638  -0.5633  -2.7594   0.8028   0.4836  -0.3674  -3.9338
  -4.6879   0.2451   2.2624   4.9165  -2.9963   1.8023  -3.8412   3.4135  -3.2430  -1.2186
   0.7253  -1.3180   4.9969   3.6905   1.6882  -0.8928  -0.9619  -3.3068  -1.1873   2.8640
   0.5052   4.7139   3.4487  -0.0800   4.2150   1.9995   2.2755  -3.1414   0.4616  -4.2484
   0.8138   1.8398   4.6893  -4.3956  -4.7099   3.2116  -2.2776   2.4263   0.2646  -3.9766
>b (rhs) data
   -7.3273
   11.0793
  -24.0067
  -21.0636
  -46.0039
   44.3437
   39.2653
   10.0090
  -42.0909
   34.2534
>c (costs vector) data
   1.8526
   3.3859
  -3.4314
  -2.4209
   2.0100
   2.5725
   0.4396
  -1.9535
   0.1940
   0.9929
>Status flag:
UNBOUNDED