# Randomly generated test case
# Case number: 25; Generated: Wed Dec 31 19:00:00 1969

# Parameters: n=10, m=10, a=10,b=100
>epsilon -- precision parameter
0.01
>A matrix data
  -1.5537   1.7669   4.7689   4.5210  -1.3358  -2.4455  -3.0412  -2.0577  -2.0938   1.8863
   1.6779   1.0027   3.8811   0.6797  -0.7179  -4.8041  -2.9429   2.3112  -4.9511  -3.7203
  -0.0311   0.9538  -4.3175  -1.7914  -2.8618  -3.4977   4.4164   4.0780  -0.6467  -2.7176
  -3.8604   0.7678  -3.3667   0.9054   1.6097  -1.6919   4.1049   4.7907  -1.1223  -2.3044
  -2.8681   0.9151   3.5742  -2.5955  -1.4894   0.8725  -4.9527  -4.6678  -2.7589  -4.1858
  -1.1611  -1.8480   0.2746  -3.1697  -2.2048  -4.4429   1.5137   2.9632  -2.5428  -0.2116
   2.4822  -4.5446   0.1958  -4.1848   0.6641  -3.7221  -0.3763   4.5010   4.1092   0.5075
   2.7149  -4.6682   2.4133   1.7101  -3.3013  -2.8428  -4.9182   0.0536  -4.1978   4.2761
  -1.6180  -4.0824  -3.8817   2.6159  -1.3922  -3.4041   4.8689   0.7951  -2.9261   3.2167
  -3.4560  -2.5413  -0.8245   1.1327   1.5105  -0.9426   2.3102  -0.2397  -3.2898   2.2189
>b (rhs) data
  -38.6906
   39.6949
  -23.7190
  -32.8657
  -23.7957
   43.7824
  -16.5685
  -24.3775
    7.4664
    5.6022
>c (costs vector) data
  -4.6103
   1.8942
   0.4166
  -2.0699
  -2.8325
   1.7155
  -1.5664
   0.7430
  -4.9951
   2.5689
>Status flag:
UNBOUNDED