# Randomly generated test case
# Case number: 48; Generated: Wed Dec 31 19:00:00 1969

# Parameters: n=10, m=25, a=10,b=100
>epsilon -- precision parameter
0.01
>A matrix data
   3.2393  -1.2241  -1.0285  -3.8881   3.0848   2.7674   2.0579  -1.0416   4.7985   4.0462
  -0.4307   3.4391  -4.3051  -4.8272  -0.8542  -3.1967  -4.1065   2.3731  -3.3247   3.4833
  -0.0911   4.4149  -0.3438   0.4103  -3.1786   4.6230  -2.9579  -4.3522  -1.2548   1.7885
  -1.4715  -4.9550  -0.5072   0.8925   3.8139   0.1920  -0.9953   2.9514  -0.0048   4.3032
   0.2022  -0.5121   2.5129   2.0082  -2.3797   0.3099  -4.8331  -1.9324  -1.5862  -1.0223
  -4.7629  -0.9393   4.3852   4.0411  -1.0526  -3.6985   4.1892  -1.3459  -4.1999   1.0651
   4.6452   3.0639  -1.3261   3.5933  -0.9691   4.5565  -0.6300   1.6016  -1.1514  -2.2406
  -0.4733   3.0877  -1.4533   0.7091  -1.9993   0.4625   2.7798  -4.2896   0.1678   3.2341
   2.9209  -4.8293   1.6025  -2.7539   1.0603  -0.8562   3.9385   3.9173   3.6750  -0.8424
  -1.8987  -1.1891  -0.7065   4.9227  -4.1407   1.2924  -0.3326  -4.3246   1.1708   2.1666
   3.9453   0.4329  -2.2605   2.5170   4.2551  -4.9939   3.4373  -3.6119   3.3774   2.7367
  -1.3479   0.0099   4.2481  -0.7031   0.1115   2.0132  -1.3535   4.9716   4.9409   3.1870
  -2.4328   3.1692   0.0984  -0.1412   1.0951   2.5792   0.5924   2.6762  -2.3005   2.8880
  -2.1340  -2.1036   4.8273   2.2795   0.5311   2.5442  -3.2761   1.2183   2.6499  -1.7635
  -0.0028   3.5078   3.4482   2.4545  -2.3786  -1.7942  -3.3444  -1.9825   3.9552  -1.7526
  -1.0000        0        0        0        0        0        0        0        0        0
        0  -1.0000        0        0        0        0        0        0        0        0
        0        0  -1.0000        0        0        0        0        0        0        0
        0        0        0  -1.0000        0        0        0        0        0        0
        0        0        0        0  -1.0000        0        0        0        0        0
        0        0        0        0        0  -1.0000        0        0        0        0
        0        0        0        0        0        0  -1.0000        0        0        0
        0        0        0        0        0        0        0  -1.0000        0        0
        0        0        0        0        0        0        0        0  -1.0000        0
        0        0        0        0        0        0        0        0        0  -1.0000
>b (rhs) data
    0.6488
   38.2134
  -41.5018
  -27.8207
   43.5889
  -42.8337
   11.6777
   19.3194
   27.8040
   29.7797
    5.7936
   -0.6813
  -48.2231
  -38.5602
   48.8466
         0
         0
         0
         0
         0
         0
         0
         0
         0
         0
>c (costs vector) data
   0.8573
   1.2509
   3.6965
   2.2238
   4.2057
   4.3213
  -0.6613
  -2.0693
   2.1008
  -3.7278
>Status flag:
INFEASIBLE