# Randomly generated test case
# Case number: 19; Generated: Wed Dec 31 19:00:00 1969

# Parameters: n=10, m=20, a=10,b=100
>epsilon -- precision parameter
0.01
>A matrix data
  -0.1988  -2.3532   3.8313  -0.8149   2.4608   4.9903  -0.9134   4.3102   1.6569  -4.8205
  -3.4315  -0.2491  -3.5308   3.0775  -3.3240  -1.5725   4.4862  -3.3142  -1.7119   2.4862
   1.4872   4.5797   4.4496  -2.0038   2.5407   4.6612   3.1722   3.8336   4.7281   4.7126
   1.5058   1.5505  -1.5415   1.2352   4.3481  -0.9242  -1.1871   4.5934   0.5013  -3.2995
   3.7828   0.9839   3.6914  -2.6560  -1.2367  -0.4038   2.2522   1.6175  -2.6069  -2.2662
  -0.3188  -1.0658  -3.0695  -3.3079   2.1866  -4.7279  -1.1861  -3.8959   4.1281   0.7790
  -2.3936   2.9846  -2.0491   1.4971   2.5814  -1.5862   2.5678  -1.6227  -2.3932   3.1065
  -1.9329   0.6772   2.4938  -0.9006   2.4057   3.0981   2.9738  -2.1651   3.7884   3.3869
   0.1467   1.8152  -1.1422   2.6014  -4.6735   1.3084   4.5187   3.7740   0.5800   1.5441
  -1.7739   4.5082  -0.0681   4.5543   0.2922  -1.6239  -3.5087  -4.7231  -2.5220  -4.5619
  -1.0000        0        0        0        0        0        0        0        0        0
        0  -1.0000        0        0        0        0        0        0        0        0
        0        0  -1.0000        0        0        0        0        0        0        0
        0        0        0  -1.0000        0        0        0        0        0        0
        0        0        0        0  -1.0000        0        0        0        0        0
        0        0        0        0        0  -1.0000        0        0        0        0
        0        0        0        0        0        0  -1.0000        0        0        0
        0        0        0        0        0        0        0  -1.0000        0        0
        0        0        0        0        0        0        0        0  -1.0000        0
        0        0        0        0        0        0        0        0        0  -1.0000
>b (rhs) data
  -22.0367
  -20.0743
  -45.5725
   40.1306
  -27.7250
   47.6660
    3.6032
  -45.5215
   -5.3539
  -19.6260
         0
         0
         0
         0
         0
         0
         0
         0
         0
         0
>c (costs vector) data
   0.1207
  -4.6598
   4.8384
  -0.2164
   4.3484
  -4.1455
   4.4229
   3.9161
  -1.1519
  -1.5948
>Status flag:
INFEASIBLE