# Randomly generated test case
# Case number: 37; Generated: Wed Dec 31 19:00:00 1969

# Parameters: n=10, m=15, a=10,b=100
>epsilon -- precision parameter
0.01
>A matrix data
  -3.2364  -2.6421  -3.6095  -0.8369   1.9205  -2.4529   3.6493  -2.3127   0.0766  -3.2208
   0.2841   2.3990   0.8386  -0.9731   3.0362   0.2241  -4.4489  -0.3269   3.2420  -0.9237
  -1.8996   0.0324   1.1059  -2.1078   4.6687   1.4774  -1.0515  -0.2579   3.8111  -1.6580
   1.5116   4.1119  -2.5453  -1.3905  -2.0463   1.9144   3.3504  -0.2877   2.1915   2.6007
   1.6065  -0.5575   1.8436  -2.3572   3.3179   1.9999   1.9856   3.7207  -4.9502   1.0204
  -1.0000        0        0        0        0        0        0        0        0        0
        0  -1.0000        0        0        0        0        0        0        0        0
        0        0  -1.0000        0        0        0        0        0        0        0
        0        0        0  -1.0000        0        0        0        0        0        0
        0        0        0        0  -1.0000        0        0        0        0        0
        0        0        0        0        0  -1.0000        0        0        0        0
        0        0        0        0        0        0  -1.0000        0        0        0
        0        0        0        0        0        0        0  -1.0000        0        0
        0        0        0        0        0        0        0        0  -1.0000        0
        0        0        0        0        0        0        0        0        0  -1.0000
>b (rhs) data
   35.6309
  -36.3270
   20.2633
   10.3949
   10.1284
         0
         0
         0
         0
         0
         0
         0
         0
         0
         0
>c (costs vector) data
  -0.6227
  -3.5048
  -2.0587
  -2.0188
  -0.7363
   1.0897
  -2.6089
  -1.0701
  -0.5191
   3.8169
>Status flag:
UNBOUNDED