# Randomly generated test case
# Case number: 47; Generated: Wed Dec 31 19:00:00 1969

# Parameters: n=10, m=15, a=10,b=100
>epsilon -- precision parameter
0.01
>A matrix data
  -3.5823   3.8895  -1.5388  -0.1687   0.4258  -2.7830  -2.6410  -3.8553  -0.3471  -4.7698
   0.8703  -0.7046   1.5566   4.5929  -4.3937  -0.1306  -4.4891   4.2514  -1.6800  -1.1359
  -2.1433  -1.0546   2.5392  -3.1476  -4.3892   1.0923  -0.7917   0.6429   4.9408  -1.9686
   0.1386  -4.5040   0.2845  -0.2882  -4.9043  -4.1555   1.1821   1.0982  -3.7099   1.2796
   1.3674  -0.4654  -1.8437   1.2238   1.3508   4.8935  -0.0770   1.2047   0.7784   4.6282
  -1.0000        0        0        0        0        0        0        0        0        0
        0  -1.0000        0        0        0        0        0        0        0        0
        0        0  -1.0000        0        0        0        0        0        0        0
        0        0        0  -1.0000        0        0        0        0        0        0
        0        0        0        0  -1.0000        0        0        0        0        0
        0        0        0        0        0  -1.0000        0        0        0        0
        0        0        0        0        0        0  -1.0000        0        0        0
        0        0        0        0        0        0        0  -1.0000        0        0
        0        0        0        0        0        0        0        0  -1.0000        0
        0        0        0        0        0        0        0        0        0  -1.0000
>b (rhs) data
    4.4104
   17.0930
   -1.7711
   36.8448
  -48.3677
         0
         0
         0
         0
         0
         0
         0
         0
         0
         0
>c (costs vector) data
  -4.5290
   1.0923
  -3.3034
   3.1250
   3.4419
   1.4085
   3.2445
   4.1036
   3.9479
  -3.9637
>Status flag:
UNBOUNDED