# Randomly generated test case
# Case number: 23; Generated: Wed Dec 31 19:00:00 1969

# Parameters: n=10, m=20, a=10,b=100
>epsilon -- precision parameter
0.01
>A matrix data
  -3.9959  -2.1544   1.0159   1.6170   0.0821   1.2172   4.3324  -4.6110   4.4205  -1.6236
  -3.5287  -3.1212  -3.5917   3.8079  -4.9491  -3.2816   2.4143  -2.0838  -4.8179   1.1655
  -3.0226   4.9017   3.3831  -2.0337   2.2128   2.2236   2.8182  -0.1477   0.4117  -3.2924
   3.4889   1.4065  -1.6255   1.3608  -0.0063   4.6255  -3.4530  -2.0506   3.5825   4.4420
  -2.7568  -4.9235  -1.5735   1.2329  -2.3109  -0.8099  -3.8939   1.3339  -0.9552   1.1025
   2.5266  -0.5504   4.7960   1.5531  -2.5632  -3.2087   3.5494   4.8763  -4.9167  -1.2306
  -3.6147   0.2841   3.9005  -2.7769   3.8994   2.1644   3.6117  -3.3506  -1.8190  -3.3933
  -2.0869  -4.5754  -4.9595  -4.9326   4.8072   2.3287  -4.0181   0.0254   0.0599  -4.6724
  -2.6429  -2.8328  -2.6290  -4.9787   3.9431   2.2900   2.8370  -2.0607  -1.3372   2.1618
   0.4925  -0.8990   1.7511  -3.3913  -2.2396  -3.7974   3.4081  -0.1632   2.1254  -4.2454
  -1.0000        0        0        0        0        0        0        0        0        0
        0  -1.0000        0        0        0        0        0        0        0        0
        0        0  -1.0000        0        0        0        0        0        0        0
        0        0        0  -1.0000        0        0        0        0        0        0
        0        0        0        0  -1.0000        0        0        0        0        0
        0        0        0        0        0  -1.0000        0        0        0        0
        0        0        0        0        0        0  -1.0000        0        0        0
        0        0        0        0        0        0        0  -1.0000        0        0
        0        0        0        0        0        0        0        0  -1.0000        0
        0        0        0        0        0        0        0        0        0  -1.0000
>b (rhs) data
   -0.7568
    1.6540
   45.0657
  -30.1323
  -20.6231
   22.9653
   -2.5079
   34.5122
   39.7587
   32.9710
         0
         0
         0
         0
         0
         0
         0
         0
         0
         0
>c (costs vector) data
  -3.1552
  -3.0060
   2.2878
  -0.0382
  -3.3561
  -4.2335
  -3.9193
  -1.6432
   2.4203
   4.0547
>Status flag:
INFEASIBLE