# Randomly generated test case
# Case number: 23; Generated: Wed Dec 31 19:00:00 1969

# Parameters: n=10, m=10, a=10,b=100
>epsilon -- precision parameter
0.01
>A matrix data
   1.0271  -2.0832   0.8742   3.0186  -4.8159  -2.3429   3.7435   3.0046  -2.4683  -2.8867
  -3.8304   3.5622   3.6817  -4.1223   1.9818   0.2726  -1.7877  -2.0173   2.4585   0.6688
   0.4022   2.9338  -1.1454  -3.8114  -4.4607  -4.5277   2.1931  -1.6844   4.2171  -3.9777
   2.7639  -4.1458  -4.0350   1.4735   2.0613   2.4583  -3.7238  -3.2953  -2.9767   1.7588
  -2.2111   4.9558  -3.2156  -4.6389  -1.2064  -2.3356   3.0637  -1.4244  -0.1224   1.1883
  -0.5029  -1.4368   2.9966   1.3841   3.2049   0.4145   2.8187   3.2785   0.3013  -4.8871
   2.1866   4.2538  -2.7669  -3.2507  -1.9195   0.7614  -1.5830  -0.9323   1.1581   1.5424
   3.8999  -2.9167   0.0531   2.6306  -0.8558  -0.6013   0.0494   2.8215   1.0582   1.7566
  -0.5839  -3.4270   1.2794   2.4015  -3.6600   1.6862  -4.1199  -0.8446  -0.5888   1.4920
  -3.2562  -0.9154  -0.0795   1.1891   3.0019  -4.3136   1.5024   0.3350   1.2784   3.4893
>b (rhs) data
  -47.3482
    4.8886
   19.9944
  -34.3263
  -43.6959
   -6.5182
  -38.8954
   38.1554
   44.6722
  -21.8176
>c (costs vector) data
   0.1389
   2.0646
  -1.5406
   4.5021
   1.3862
  -3.8421
  -3.4687
  -1.6831
   2.1065
   4.0141
>Status flag:
UNBOUNDED