# Randomly generated test case
# Case number: 30; Generated: Wed Dec 31 19:00:00 1969

# Parameters: n=10, m=25, a=10,b=100
>epsilon -- precision parameter
0.01
>A matrix data
   0.8733  -1.7228  -4.6834   4.7588   3.4037  -0.7883  -1.9985   4.6904  -0.7431  -1.8560
  -0.9967   1.2079   0.6866   4.4895   2.9150   1.5860   2.8303   0.4227  -2.9460  -2.8715
  -3.2200   0.1872   3.7423  -3.4788   2.9291   0.0399   2.7276  -2.4687   1.0752  -4.1117
   4.1479  -4.5868   0.6577  -3.7469  -0.7543  -1.8890  -2.2175  -4.8598  -0.2059   1.1464
   3.8292   4.4074  -0.6680  -4.9986   2.8030  -3.0329  -2.0450   4.0231   1.4470   3.1369
   4.9331   2.1499  -4.8436   3.5882   1.5790  -4.6109   3.2780   3.1011  -3.1919   3.2668
  -2.7207  -1.0040  -4.4329  -2.9867  -3.1749  -1.7365   2.4173  -3.9270  -4.6654  -2.6440
   1.8871  -4.4986  -4.9901  -0.7461  -1.7200   2.1891  -4.7799  -4.1993  -1.3359   2.9309
  -3.5040   4.0759  -1.3744  -4.4228   2.6253  -4.2556  -2.4905  -1.2102   3.5474   1.9979
   1.7444  -2.6323  -3.0894   1.9550  -0.6446   3.5408  -4.1252  -2.8543  -1.7248   0.8344
  -0.7233   2.7735   4.9434   4.1841  -4.8702  -2.1652  -1.4956  -3.6908  -0.1377  -1.8872
  -2.6430  -1.0754   1.9332   3.4721  -0.2207   2.9886   1.2463   4.6531  -4.6695  -4.6157
  -1.6564  -2.5037  -0.2112  -3.7806  -0.7594   3.8148   3.2211   0.6280  -1.9827   2.9678
  -3.1811  -3.3665  -3.6942  -0.9970  -4.5846   2.0233  -2.1961  -4.4393  -1.0874  -3.2149
  -4.3246   4.0633   2.0196  -4.0383   2.9909  -2.0558   4.6605  -3.1587  -0.2394   3.1137
  -1.0000        0        0        0        0        0        0        0        0        0
        0  -1.0000        0        0        0        0        0        0        0        0
        0        0  -1.0000        0        0        0        0        0        0        0
        0        0        0  -1.0000        0        0        0        0        0        0
        0        0        0        0  -1.0000        0        0        0        0        0
        0        0        0        0        0  -1.0000        0        0        0        0
        0        0        0        0        0        0  -1.0000        0        0        0
        0        0        0        0        0        0        0  -1.0000        0        0
        0        0        0        0        0        0        0        0  -1.0000        0
        0        0        0        0        0        0        0        0        0  -1.0000
>b (rhs) data
   26.4706
   27.6749
  -21.8265
   13.9956
  -12.3650
   -6.5322
   28.6597
   49.1014
   -9.3218
   14.2024
    8.1564
   28.0922
    5.7825
   27.0316
   12.4319
         0
         0
         0
         0
         0
         0
         0
         0
         0
         0
>c (costs vector) data
  -1.0915
  -2.3409
  -4.3410
  -3.2085
  -2.6176
  -2.9558
  -3.2542
   1.2459
   3.9794
   4.4451
>Status flag:
UNBOUNDED