# Randomly generated test case
# Case number: 31; Generated: Wed Dec 31 19:00:00 1969

# Parameters: n=10, m=20, a=10,b=100
>epsilon -- precision parameter
0.01
>A matrix data
   3.1335  -4.5986   0.6408  -2.0742   1.4801  -4.0834  -2.9812   4.2662   2.7375   2.0184
  -1.4105  -0.4922   3.2139   4.5441  -3.7800  -3.3275   4.8281   1.5542  -1.1434  -1.2498
   2.7530   0.6209  -0.4310  -1.2582   4.1056  -0.7035  -3.9370   1.3643   1.1530   4.4557
  -4.5027   2.0664  -2.2569   4.6975  -0.2740  -4.8110   4.0336  -4.7673  -2.9336  -2.3406
  -1.0621  -4.1512  -2.7680   1.7753   2.8448   3.4383   0.1970   4.0273  -0.8447  -4.9598
   3.7123   4.3938   2.8324  -1.1279  -0.7180  -2.8982   2.0524   3.5589   1.9886  -4.2212
   2.9309   1.3773  -4.8042   4.1572   0.6989   3.0875   2.8428  -3.9320   4.2967   4.2291
  -2.5944   2.5989   0.1812   3.3251   0.5784  -0.0034  -3.3921   0.6495  -1.2266  -3.4408
  -4.0352   0.1932  -1.7497  -4.9111  -1.4372  -0.0630  -0.2572   2.2276   0.5861  -0.6526
   4.7957  -1.7211  -3.7712  -3.0658   2.8299  -4.5332  -2.4089  -4.2955   3.4704  -3.8827
  -1.0000        0        0        0        0        0        0        0        0        0
        0  -1.0000        0        0        0        0        0        0        0        0
        0        0  -1.0000        0        0        0        0        0        0        0
        0        0        0  -1.0000        0        0        0        0        0        0
        0        0        0        0  -1.0000        0        0        0        0        0
        0        0        0        0        0  -1.0000        0        0        0        0
        0        0        0        0        0        0  -1.0000        0        0        0
        0        0        0        0        0        0        0  -1.0000        0        0
        0        0        0        0        0        0        0        0  -1.0000        0
        0        0        0        0        0        0        0        0        0  -1.0000
>b (rhs) data
   -7.6454
  -12.7847
  -49.5030
  -15.3219
  -26.0473
   36.3574
   -6.3061
  -35.6544
   17.4526
   26.9538
         0
         0
         0
         0
         0
         0
         0
         0
         0
         0
>c (costs vector) data
  -1.6824
  -1.2302
   0.2526
   1.9559
   3.5191
  -4.4188
   1.5928
  -4.3701
   3.8532
   2.4640
>Status flag:
UNBOUNDED