# Randomly generated test case
# Case number: 47; Generated: Wed Dec 31 19:00:00 1969

# Parameters: n=10, m=10, a=10,b=100
>epsilon -- precision parameter
0.01
>A matrix data
  -2.0744   3.2966  -3.2662  -4.2575   1.6174  -4.3449   4.0328   4.1436  -3.6595   0.6278
  -4.4036  -0.0033   4.0558  -4.9969  -4.4967  -1.1875  -4.3491   4.1205   4.1823   1.0204
   1.6428   4.2556   0.5957  -3.5420   3.6485   2.6228   3.6474   1.9914  -0.3056   4.5034
  -0.3157   3.2494   1.9287   2.1810   0.0082  -1.1053   1.1722   3.2332   2.0980  -1.6519
   3.9708   1.6033  -3.4771  -3.5283   4.5847   0.3669   2.3461   3.4552  -4.5268  -2.0084
   1.5509  -4.7062   1.0932   3.8279   4.0096   4.4794   1.6259  -4.6963  -0.7763  -4.1738
  -3.9067   2.6060  -4.6211  -3.8192  -1.6842   0.4702  -4.3730   3.5924   2.2146  -3.2808
  -0.1831   4.1176  -3.6633   2.1794   3.1622  -3.9350   0.6646   4.2690  -1.0597  -4.1227
   1.4119  -3.4313  -4.1888  -2.2739   0.5103  -1.4460   1.4224  -4.7076   0.5226   2.6110
   3.2366   3.1779   4.3202   0.8212  -1.9066  -4.5726  -2.9415   4.7831   1.3960  -4.4336
>b (rhs) data
  -46.8932
   23.3480
    1.7480
   -7.7650
   43.3101
   -5.9524
  -44.8992
   49.4965
   12.0116
   -2.0486
>c (costs vector) data
  -0.7911
  -2.9538
  -1.6888
   1.2892
  -0.6000
  -1.5859
   1.9636
   3.3456
   0.0836
   0.9833
>Status flag:
UNBOUNDED