# Randomly generated test case
# Case number: 14; Generated: Wed Dec 31 19:00:00 1969

# Parameters: n=10, m=20, a=10,b=100
>epsilon -- precision parameter
0.01
>A matrix data
   3.7491  -3.8336  -1.3836  -3.3798   1.8340  -0.5051   2.4371   3.9924   4.8126  -4.0252
   4.8828   1.5751   4.0082   3.8840  -2.2452   4.9375  -4.4760   4.0570  -0.3219   3.4695
   4.6366  -3.4566   4.1533  -2.6105  -0.1522  -1.1986   2.5558   4.8699   4.6674   0.5521
  -0.5999  -2.3261  -4.6803  -4.1626  -1.6445   4.5775  -2.4356  -2.8965  -2.9978   1.0163
  -0.0480   1.8715   3.3260   4.7994  -2.2817  -3.7121  -2.8017   1.6805   0.1367  -1.6663
   0.0167   4.8037  -1.5308   3.1164   3.9375   4.3385   3.6832   4.6536  -2.3167  -3.9467
  -4.6167  -4.9324   4.7434   3.1479  -1.6270  -0.6827   0.7198   0.1860  -2.2563  -0.8360
  -4.6238  -4.0430  -4.4838   2.7296   1.3797   4.7726   3.2834  -3.6552   2.5577  -1.6101
   1.3478   2.1769   4.8801   3.5328  -2.4742  -3.6622  -1.5848  -1.2852   0.2447   4.0492
   3.1842  -0.9203  -0.7996  -3.1259   3.4138   2.5606   4.0295  -0.0491   2.4436   4.5022
  -1.0000        0        0        0        0        0        0        0        0        0
        0  -1.0000        0        0        0        0        0        0        0        0
        0        0  -1.0000        0        0        0        0        0        0        0
        0        0        0  -1.0000        0        0        0        0        0        0
        0        0        0        0  -1.0000        0        0        0        0        0
        0        0        0        0        0  -1.0000        0        0        0        0
        0        0        0        0        0        0  -1.0000        0        0        0
        0        0        0        0        0        0        0  -1.0000        0        0
        0        0        0        0        0        0        0        0  -1.0000        0
        0        0        0        0        0        0        0        0        0  -1.0000
>b (rhs) data
   14.9133
    0.9124
    3.5823
   34.5223
   -6.6735
   -2.3422
   -5.5821
  -40.8572
  -36.8334
   15.8499
         0
         0
         0
         0
         0
         0
         0
         0
         0
         0
>c (costs vector) data
   3.4092
   3.7811
   2.1789
  -2.7632
  -1.3834
  -4.0860
  -2.9413
   1.6748
  -1.0183
   1.7058
>Status flag:
INFEASIBLE