# Randomly generated test case
# Case number: 2; Generated: Wed Dec 31 19:00:00 1969

# Parameters: n=10, m=15, a=10,b=100
>epsilon -- precision parameter
0.01
>A matrix data
  -3.8044   3.5626   1.4164  -3.2137   1.2244  -3.9004  -2.9143  -4.0304   1.1684  -2.2866
  -1.7395   2.3704   4.4338  -3.1446  -1.8953   0.8338  -2.5103  -1.4426   4.0026  -1.3823
  -1.2046  -0.3913   3.1280  -3.0436  -3.8886  -0.0102  -2.5481  -0.3205   1.5750   3.3026
   2.9323   0.1853  -0.4065   1.7118  -1.4082   2.3914   2.6762   0.0569  -2.2565   1.2637
  -0.8281  -1.8646   2.2114   4.5688  -4.7549   0.2021   3.6223  -1.7881   3.5961   2.3888
   2.2925  -2.7757  -2.8055   0.4787  -1.5773  -3.9657  -4.2190  -1.4820  -1.7946   0.0535
  -1.6836   3.3763   1.4363  -4.7610  -0.9098   2.2178  -4.2684  -1.7725  -4.1532  -0.6129
  -3.6439   2.6360  -0.8400  -1.8057  -1.4449  -1.6062   0.3990   2.6335   0.7289   4.1593
  -0.2241  -2.0588  -3.2047   1.3834   1.4882  -2.4118  -3.4456   3.1416   0.0193   3.3424
  -2.2780   3.7019  -2.9122   4.9436  -0.9626  -1.5457  -4.1501  -4.2845  -2.1041   4.8449
  -2.1199  -3.4808   4.6021   4.5925  -2.1031  -3.6376  -3.5839   1.1203   3.4872   0.2738
  -0.8338   1.3757   4.4726  -4.1079  -2.8759   2.3563   2.0288   4.3660   3.8524   0.3724
  -0.6307  -4.4730   2.1570   4.1706  -1.5282   4.2982  -4.0475   4.3513  -4.9017  -0.9332
   0.9981   3.0489  -1.7254   3.5751   4.4202   1.9834  -3.2775   1.7004  -1.1784   0.4076
  -2.5873   3.9328  -0.3257  -0.9268   0.8391   1.8037   1.6076  -3.9024  -1.1610   0.7750
>b (rhs) data
   44.6595
  -33.6936
   -1.3383
   20.0678
  -49.3584
   42.1461
  -14.0784
  -46.3852
   39.3919
  -48.4811
  -25.8051
  -43.5454
  -30.7741
  -23.4034
   39.2540
>c (costs vector) data
  -4.9219
   2.0983
  -0.0462
  -1.2682
  -2.0649
   4.7540
  -4.3013
   2.2621
   2.4339
  -3.1432
>Status flag:
UNBOUNDED