# Randomly generated test case
# Case number: 39; Generated: Sun Nov 19 05:44:16 4461606

# Parameters: n=10, m=15, a=10,b=100
>epsilon -- precision parameter
0.01
>A matrix data
  -1.9225   2.0867  -4.9711   0.7791   0.6053  -3.2636  -2.6085   3.9326  -4.5049  -3.1793
   0.7118   2.9957   4.4855  -3.6570   3.2705   1.5783   1.9469  -2.5294  -4.9558   4.8846
   1.5668   4.8198  -3.2161   4.4399   0.8140   1.7248  -3.3898  -1.3882  -0.4003   0.4585
   1.9167  -2.0327  -4.4637   3.1206   4.7927   2.3443   3.6458  -3.5780  -2.3187   0.3425
  -4.7310  -2.6749   1.3340   3.7262  -1.2766   4.5989  -0.6489  -4.9230   1.4695  -2.7324
  -4.1957   4.7188   4.8410  -2.2569   2.0107   1.5941  -4.2677  -4.4925   0.0783  -0.7326
   1.9466   1.6320  -0.1617   2.5939  -3.4330   4.6613   4.9352  -3.0231  -1.1307  -0.9590
   0.9549   0.3811   2.6335  -1.4701  -3.7337   3.2581   0.6953  -1.1073  -3.6896   2.3687
  -3.8670  -1.3860   2.9022  -1.9682  -1.8626   4.9552  -1.7349  -4.8857  -1.4381   3.8847
  -0.5547  -0.4044  -2.0591   0.3263   4.8340  -1.9179  -2.4914   2.8733  -3.3756  -2.2279
   2.3426  -2.0561   3.8535  -4.1968   0.9887  -2.6614  -1.8084  -1.9624   4.5003   3.1482
   0.7409  -3.6049  -0.7980   2.6827   4.2862  -3.8702  -2.2927  -3.0840   3.9452   3.7741
   2.8348   2.6644   4.6891  -1.9195   3.3904  -2.8572   4.7592   3.4129  -3.6303   1.7668
  -3.3856   3.9686  -4.8940   1.8363  -3.3787   0.3114   2.6141   1.8758  -1.5835  -3.2903
  -2.3098  -1.3534  -3.9592   0.1832  -2.0837  -0.6962  -1.2765  -0.5566   0.3529   0.8540
>b (rhs) data
  -18.6218
    3.1044
    5.1052
  -41.4011
   13.9068
   10.3279
  -40.0109
  -37.8092
   24.8033
  -41.1043
  -15.2768
   17.2556
  -20.8469
   47.3760
   39.2574
>c (costs vector) data
   3.2529
  -3.7113
  -3.2593
   0.0606
  -2.5551
  -2.1625
  -2.0270
   4.0620
  -4.1157
  -4.8832
>Status flag:
UNBOUNDED