# Randomly generated test case
# Case number: 45; Generated: Wed Dec 31 19:00:00 1969

# Parameters: n=10, m=10, a=10,b=100
>epsilon -- precision parameter
0.01
>A matrix data
  -1.1801   3.0592   3.5580   3.3768   4.7641   3.5161  -2.7624   1.4855  -4.0125   3.3069
   0.9585   4.7396  -0.3297   0.5822   3.0343  -3.3840  -2.2731  -4.3422   1.1128  -1.4564
  -4.6973  -4.6795  -3.4958   2.7459  -0.7681   4.3988  -3.4573   1.9199   1.1252   4.4151
  -4.0487  -4.2808  -1.7249   1.8865   0.2756   1.4601   0.0432   3.7991  -3.5229  -3.9509
   1.7457   3.6454   3.4808  -1.9956   2.7162  -2.0863  -1.1409   0.0053  -4.0335   2.5131
  -3.3088   0.1410   2.6893  -1.9494   3.6034   1.4378  -4.4532  -3.9405   1.0517  -0.4879
  -2.7198  -0.1851   3.3610  -4.3193   1.4704   3.1442   0.1076   0.2032  -2.8792  -1.4280
  -4.1721   4.1354  -3.7004   1.0473   0.9611  -3.4172   4.6377  -4.7308  -0.5917  -4.5307
  -1.9155   0.7227  -3.5246   0.2634  -1.1181  -2.7136  -0.2240   2.2810  -4.5955  -4.0588
  -2.5871  -4.9337   4.2489   4.0726  -0.9619  -4.1484   1.7020   3.3407  -3.5233  -0.1621
>b (rhs) data
   36.8694
  -13.9505
  -41.2725
  -34.0394
   25.1925
   -9.0163
   -1.6276
   43.6572
  -29.5100
   -4.4082
>c (costs vector) data
  -4.1869
  -4.9195
   2.9796
  -4.1954
   3.7784
   4.2414
   4.5452
  -0.0262
  -4.9419
   1.9481
>Status flag:
UNBOUNDED