# Randomly generated test case
# Case number: 46; Generated: Wed Dec 31 19:00:00 1969

# Parameters: n=10, m=20, a=10,b=100
>epsilon -- precision parameter
0.01
>A matrix data
  -4.8164   4.7599  -4.9842   1.1830   1.3621  -2.2160  -3.9047   0.2016   2.8151  -1.4384
   1.7579  -0.3710   0.2020   1.9420  -2.5402   4.0308  -3.4117  -1.4757   4.8393  -1.5169
   1.1559   3.0857   1.1101  -0.8438   0.6058  -1.8090   0.0387  -3.3414   1.6380  -3.9221
  -1.9433  -3.3970   1.2927   3.4939  -1.1240   3.6676   1.9553  -2.3309   0.6870  -0.6303
   0.5113   4.5023   1.4622  -1.4964   1.0158  -3.1948   0.7585   3.8361  -4.7375  -1.7186
  -4.0489   1.1779   0.4880   3.5231  -0.1177  -3.7280  -2.6756   0.2612   4.0109  -3.9332
   1.8714  -3.7804  -4.3048  -1.2188   4.4508   1.5812  -0.5660   1.0360  -2.2230   4.6046
  -0.4587   4.2063   1.3374  -3.1838   0.0042  -3.0428   2.7463   4.2410   4.5871   1.6624
  -4.1526   3.1737   2.0120  -4.6136   1.4929  -3.4663  -3.2821   4.3976   0.2626  -1.4826
  -1.4618   2.3808   4.3931  -1.1756   3.7959  -3.2119   0.8270   1.9013   1.1792   2.3058
  -1.0000        0        0        0        0        0        0        0        0        0
        0  -1.0000        0        0        0        0        0        0        0        0
        0        0  -1.0000        0        0        0        0        0        0        0
        0        0        0  -1.0000        0        0        0        0        0        0
        0        0        0        0  -1.0000        0        0        0        0        0
        0        0        0        0        0  -1.0000        0        0        0        0
        0        0        0        0        0        0  -1.0000        0        0        0
        0        0        0        0        0        0        0  -1.0000        0        0
        0        0        0        0        0        0        0        0  -1.0000        0
        0        0        0        0        0        0        0        0        0  -1.0000
>b (rhs) data
   42.5412
   31.7492
  -49.6060
  -24.8315
    7.2953
   31.1009
  -12.7615
    0.9050
  -44.8084
  -23.4422
         0
         0
         0
         0
         0
         0
         0
         0
         0
         0
>c (costs vector) data
  -1.7900
   1.9083
  -1.5748
   3.0630
  -2.8166
   2.1985
  -2.4789
  -1.2403
   1.8533
   4.7403
>Status flag:
INFEASIBLE