# Randomly generated test case
# Case number: 8; Generated: Wed Dec 31 19:00:00 1969

# Parameters: n=10, m=15, a=10,b=100
>epsilon -- precision parameter
0.01
>A matrix data
  -0.1655   4.4167   4.3883  -4.4090  -2.8117   4.7249  -0.0020   3.4406   1.1242  -1.6709
  -2.7117  -2.6540   4.4108  -4.6002  -0.4812  -4.1452   4.5799  -0.2107   2.2944   3.5695
  -4.8444   1.6823   3.6069  -4.1197  -1.7174   0.3295   1.1295  -3.5437  -4.2411  -1.7893
  -2.0550  -4.9338   1.7656   3.7405  -0.9462   4.9005   4.5715  -1.8421   2.4659  -4.0787
   1.2347  -4.0133   0.5304   0.7964  -0.1791   3.6156  -0.7818   4.6972  -1.4640   3.5483
  -3.4908  -2.0551  -3.7344   0.6229  -2.1886   4.4166  -4.8145   4.2034  -4.2273   0.0590
   1.4202  -0.3131   1.9036  -3.7871  -4.3552   1.0928   1.4297   3.2086   0.9869   2.9838
   2.4730  -4.0589  -1.0218   0.2350  -0.7742   0.2431  -1.2337  -3.2607  -1.5306  -0.3002
   3.3667  -2.8770  -4.5040   3.8995  -1.4375   2.1943   4.7481  -2.9347   2.9905   3.8499
  -1.2685   1.4468   1.4289  -4.1032  -3.8484  -1.3669   1.1159   3.0308   1.0905   3.8020
   4.4449   1.9536  -1.4998  -2.5117   3.4178   2.6578  -3.0617   0.3823   4.1897   4.6979
   4.5575   2.8099  -1.7691   2.7835   3.1478   1.2717   0.1659   4.4913   3.3918   0.7253
   1.9160  -1.1127   0.6422   3.1167  -0.6355   4.2758   3.3676   1.9962  -4.3620  -3.8503
   3.2457  -1.5505  -4.7237   1.8516   0.4171  -0.8028  -1.8773   2.2782   1.5242  -0.1895
   4.7827   3.7493   3.2439  -0.7895  -2.4488   2.2378   3.7753  -4.4372  -1.7315   4.1722
>b (rhs) data
   45.3727
   16.5341
   -2.6489
  -23.1313
  -16.9973
  -20.7055
   36.8318
    0.9056
   39.2662
   48.0213
   17.2794
  -16.6838
   -6.6340
   14.5751
   18.5649
>c (costs vector) data
  -4.5125
   3.3416
   2.7659
   2.3816
  -2.8449
  -3.0171
  -1.4443
  -1.3523
  -2.1898
  -1.9561
>Status flag:
UNBOUNDED