# Randomly generated test case
# Case number: 27; Generated: Sun Nov 19 05:44:16 4461606

# Parameters: n=10, m=15, a=10,b=100
>epsilon -- precision parameter
0.01
>A matrix data
  -0.7604   0.1752  -3.2043   1.0015  -2.8338  -2.7519  -1.6042   2.9736   4.4328  -0.9397
  -0.5930   1.4767   0.3623   0.3454  -0.6486  -2.5144   3.2074   4.2636   1.1298  -0.0988
   0.8723   1.8946   3.4126  -1.6209  -0.2552  -4.3715   3.8571  -2.4585   1.8692  -4.0059
  -0.6000  -3.8255  -0.3442  -0.3436   4.1585   2.8969   1.1511  -1.0486  -3.5609   4.0996
  -2.4278   0.6140  -4.3910  -0.4534  -4.5853  -1.3601   0.0634  -1.0531   4.0383  -1.4694
   4.9444  -2.6355  -2.7339   1.7525  -4.3391  -3.5997  -1.4595  -3.6978  -1.6305   0.3091
  -0.5813   1.4746   1.8968  -4.3215   1.7409   0.6437   0.1045   0.2275   4.5266  -0.4095
  -4.9578  -2.8301   3.6525   3.3999   4.4195  -0.0625  -2.2588   0.2994   2.5216  -4.8118
  -4.3471  -4.2148  -1.8013   1.0190  -3.3351   4.4348  -4.0235   4.1738   3.8021   2.7380
  -3.5213   3.3308   0.4238   1.0989   4.1156  -0.0789  -1.9331  -3.0540   3.1910   1.8680
  -1.2308  -2.2784  -2.0475  -1.2352  -1.3946  -0.6832   3.1141  -0.3039  -1.6410   4.0916
  -4.8255   3.2380   1.3479   4.3171  -3.0928   2.4366   0.7483  -0.1024   1.1063   4.6530
   1.0978  -3.6241   4.7957   0.5936   1.1512   2.6431  -0.5344  -0.8365  -1.8291   4.3813
  -4.9768  -2.2658  -3.7473   3.3208  -0.1151   0.6735   3.0807   0.0912  -1.8723   3.2258
   2.4355   1.8956  -0.3907  -1.6336  -0.0835  -0.7909   4.0847   2.3896  -0.7658   2.6960
>b (rhs) data
  -47.5135
   26.4859
   30.8353
   40.1650
   31.3991
   43.9180
   17.8731
  -40.5995
  -30.9732
  -17.8744
    3.1019
   28.5510
  -34.2216
   49.3449
  -40.8661
>c (costs vector) data
   2.1607
   2.2503
   1.0046
  -2.7981
   0.2693
   0.5079
  -0.1069
   3.7457
  -1.2415
  -1.7795
>Status flag:
UNBOUNDED