# Randomly generated test case
# Case number: 20; Generated: Wed Dec 31 19:00:00 1969

# Parameters: n=10, m=20, a=10,b=100
>epsilon -- precision parameter
0.01
>A matrix data
  -4.0774   1.1659   2.0958  -2.2462   1.7119  -0.9863  -3.7655  -2.9800   0.2837   4.6154
  -4.5546  -2.4922  -1.5530   2.8463   3.1709  -3.9959   1.5131   2.6776  -1.5879  -2.0203
  -4.8490   2.8927   1.1500   2.1388   1.4854   2.6950   0.9714  -4.0015   2.2664   0.7090
   2.2194  -4.7319  -0.7403   3.0342   3.2963  -2.8842   2.7528   1.5803   2.3941   4.5227
   2.1929   1.2416  -2.2875   1.2258   2.1030   4.6689   2.7949  -0.3108   2.2967  -1.8242
  -4.0369  -3.8139   3.3317   2.1262  -3.0734  -1.7142  -0.2858   2.3145   1.8813   1.2905
  -2.9748   2.3465  -2.8433  -2.2524  -4.0112  -0.2060   2.7630   1.4576   2.4355  -0.7674
  -0.2792   0.4751  -3.7189   0.2491  -2.6371  -4.5738   3.4909  -3.9851  -1.0144   1.3470
   4.6261  -0.0137  -1.0770  -1.7841   0.7414  -4.9200  -2.5283  -1.8613   2.2824  -0.5298
   2.7618   2.3259  -3.1434   3.9997   1.7658  -1.8227  -4.5640   4.0093  -1.4629   0.6902
  -1.0000        0        0        0        0        0        0        0        0        0
        0  -1.0000        0        0        0        0        0        0        0        0
        0        0  -1.0000        0        0        0        0        0        0        0
        0        0        0  -1.0000        0        0        0        0        0        0
        0        0        0        0  -1.0000        0        0        0        0        0
        0        0        0        0        0  -1.0000        0        0        0        0
        0        0        0        0        0        0  -1.0000        0        0        0
        0        0        0        0        0        0        0  -1.0000        0        0
        0        0        0        0        0        0        0        0  -1.0000        0
        0        0        0        0        0        0        0        0        0  -1.0000
>b (rhs) data
  -30.0282
  -28.8333
   31.2658
   43.9992
   21.3624
  -42.2295
   48.9547
   32.2104
   -0.0385
  -34.3163
         0
         0
         0
         0
         0
         0
         0
         0
         0
         0
>c (costs vector) data
  -2.7141
  -1.8209
   1.8690
  -4.4823
  -0.0676
  -1.3336
   0.9988
   2.6751
  -4.1057
  -1.7094
>Status flag:
UNBOUNDED