# Randomly generated test case
# Case number: 38; Generated: Wed Dec 31 19:00:00 1969

# Parameters: n=10, m=15, a=10,b=100
>epsilon -- precision parameter
0.01
>A matrix data
   3.1604  -1.2136  -0.4048   2.1586   1.7598  -3.9569   4.8388   2.7933  -1.2421  -1.2104
  -1.4134  -4.0624   2.6895  -2.6026   2.0470   4.3629  -4.7254   2.0270   2.8895  -3.5982
   3.1744   3.9378  -4.7508  -2.3504   3.9399   4.1220  -2.8621   0.7025   3.2888   4.9643
  -2.5781  -0.3694  -2.2339  -1.2110  -2.4423   4.7141  -0.0004   4.2670   1.7326   3.2846
  -3.5539  -3.0588  -1.1125  -0.5690  -2.6431   1.1382  -4.4865   0.6807  -3.5262  -3.6256
  -1.0000        0        0        0        0        0        0        0        0        0
        0  -1.0000        0        0        0        0        0        0        0        0
        0        0  -1.0000        0        0        0        0        0        0        0
        0        0        0  -1.0000        0        0        0        0        0        0
        0        0        0        0  -1.0000        0        0        0        0        0
        0        0        0        0        0  -1.0000        0        0        0        0
        0        0        0        0        0        0  -1.0000        0        0        0
        0        0        0        0        0        0        0  -1.0000        0        0
        0        0        0        0        0        0        0        0  -1.0000        0
        0        0        0        0        0        0        0        0        0  -1.0000
>b (rhs) data
   30.1127
  -12.1419
   47.5614
   13.6149
  -47.4087
         0
         0
         0
         0
         0
         0
         0
         0
         0
         0
>c (costs vector) data
   3.5178
  -0.8175
  -2.7069
  -3.2436
  -1.9484
   0.1174
   4.1694
  -1.6580
   1.2084
   2.5310
>Status flag:
UNBOUNDED