# Randomly generated test case
# Case number: 33; Generated: Wed Dec 31 19:00:00 1969

# Parameters: n=10, m=25, a=10,b=100
>epsilon -- precision parameter
0.01
>A matrix data
  -4.4113   2.3827  -2.4382   0.5303   4.8100   3.0270  -3.4425  -1.9197  -2.6509   2.7984
   0.9687   1.1726  -2.8431   4.9251  -0.3955  -0.2058  -0.5343   2.5629  -3.4088  -3.3433
   4.7869   2.4996   0.9448  -4.5380   1.8416  -0.2944  -0.3530   1.7321  -3.9592   4.7484
   2.2488   3.6648   2.7475  -1.1761   4.3584   2.9469  -1.6566   4.2347  -2.3703   1.1633
   0.6537  -3.6785   1.2943  -2.9699  -2.7628  -0.7919  -0.3138  -2.4755   0.7011  -3.9500
   2.3060   2.4887  -4.7000   3.6522   3.4040  -2.1676   4.8505   3.7698  -2.5102  -1.5702
  -2.1467  -2.0770   3.4177   0.7401  -2.8356  -0.9865  -0.7932   1.9096  -2.6253  -2.8259
   1.8046   3.4869   1.8470  -3.0017  -4.0712  -4.0398   4.8182  -4.5703  -0.9973   4.0053
   4.8755  -0.4017  -1.4883  -3.5984   0.1116   4.3756  -0.1487  -1.6356   3.9440  -1.6269
   2.4334   3.7408   0.1355  -4.5359  -4.6568   4.2884  -4.9705  -3.3261   2.5858  -3.6267
  -4.9496  -3.8052  -1.8536   2.3596  -0.5620   2.9834  -4.1442   2.2016   4.2330  -2.8212
   0.2379  -3.4733  -2.9776   3.2569   3.6451  -2.2500  -0.6595  -0.0084   4.2944   0.5636
   1.0491  -1.3289   2.2214  -3.5366   3.7065  -2.3989  -0.6352  -3.2940  -0.3807   2.3556
  -0.6227  -2.4468   4.7839  -0.0888   0.2027   4.9894  -2.6912  -4.6744   0.4891   3.8983
  -2.2517  -0.1380   1.6823   1.0940  -2.9395  -3.2857   3.9157   1.4138  -0.2389  -4.1748
  -1.0000        0        0        0        0        0        0        0        0        0
        0  -1.0000        0        0        0        0        0        0        0        0
        0        0  -1.0000        0        0        0        0        0        0        0
        0        0        0  -1.0000        0        0        0        0        0        0
        0        0        0        0  -1.0000        0        0        0        0        0
        0        0        0        0        0  -1.0000        0        0        0        0
        0        0        0        0        0        0  -1.0000        0        0        0
        0        0        0        0        0        0        0  -1.0000        0        0
        0        0        0        0        0        0        0        0  -1.0000        0
        0        0        0        0        0        0        0        0        0  -1.0000
>b (rhs) data
  -29.0920
   41.7259
  -38.6335
  -43.2964
  -10.3730
   23.9393
   21.5638
    6.6878
  -41.5607
   17.4265
   -2.4238
   31.0252
  -17.3134
  -14.6889
   32.3499
         0
         0
         0
         0
         0
         0
         0
         0
         0
         0
>c (costs vector) data
  -2.0718
   0.7541
   2.1768
  -1.3999
   3.0753
   4.5122
  -0.4976
  -0.1388
   2.5929
  -4.7279
>Status flag:
INFEASIBLE