# Randomly generated test case
# Case number: 2; Generated: Wed Dec 31 19:00:00 1969

# Parameters: n=10, m=20, a=10,b=100
>epsilon -- precision parameter
0.01
>A matrix data
   2.9105  -4.3282   3.2368  -4.8538   1.7839   1.9779   3.8354   4.9566   4.5321  -3.7891
   2.2445  -4.8610  -0.8777   4.6140   3.1204  -0.5560  -2.3775   4.4424   4.9434  -4.2485
  -4.0408  -0.9882   3.5448   4.3048   0.6749  -0.7382   3.0718  -3.9652  -3.3301   4.1533
  -2.5053   0.3973   4.6074  -4.4063  -3.4380   2.1350  -3.8065  -0.3536  -0.7709  -0.3204
  -0.6558  -2.3912  -0.7408  -3.0248   1.6135  -4.1816   2.6198   4.8434   4.7831  -1.6177
  -2.6042  -0.2956   2.9260  -1.2976  -1.1591  -4.8473   1.9741   0.9065   1.4413  -4.9546
   2.7839   2.8232   4.6743   0.3667  -0.6189   2.4482   0.8695  -3.7394   1.4244  -4.4302
   3.9075   2.0571   1.3079   4.0903  -3.1468   1.4911  -0.0778   4.2399   4.3911  -4.1959
  -4.8636   1.0255  -0.8199   2.0661  -3.8684  -0.6963  -3.5187  -1.2168   4.9919  -3.1233
  -1.5272   0.3350   0.4443   0.2479   4.9575   3.5002   2.5436  -4.2213  -0.5401  -2.4575
  -1.0000        0        0        0        0        0        0        0        0        0
        0  -1.0000        0        0        0        0        0        0        0        0
        0        0  -1.0000        0        0        0        0        0        0        0
        0        0        0  -1.0000        0        0        0        0        0        0
        0        0        0        0  -1.0000        0        0        0        0        0
        0        0        0        0        0  -1.0000        0        0        0        0
        0        0        0        0        0        0  -1.0000        0        0        0
        0        0        0        0        0        0        0  -1.0000        0        0
        0        0        0        0        0        0        0        0  -1.0000        0
        0        0        0        0        0        0        0        0        0  -1.0000
>b (rhs) data
   20.3721
   39.2974
   -7.6567
   -6.5047
  -33.8301
  -38.4599
   20.1672
    6.4949
   34.8094
  -39.2707
         0
         0
         0
         0
         0
         0
         0
         0
         0
         0
>c (costs vector) data
   0.7500
  -0.7343
   0.6209
  -4.6871
  -1.6832
  -2.7505
   2.0725
  -1.6789
   1.5553
   2.7723
>Status flag:
UNBOUNDED