# Randomly generated test case
# Case number: 33; Generated: Wed Dec 31 19:00:00 1969

# Parameters: n=10, m=10, a=10,b=100
>epsilon -- precision parameter
0.01
>A matrix data
  -2.3568  -2.3507   1.1697  -1.5608  -0.4305  -3.9640  -4.9125   0.9009  -3.8989  -1.4389
  -4.7068   4.4092  -3.4460   2.6306   1.4158   2.7207  -0.0188  -1.4884  -0.3970  -0.4016
  -1.0264   3.6460   4.2599  -1.9486   4.7443   0.5516   2.8651   2.4112   0.3279  -3.1707
   0.5598  -0.2187  -3.1149  -4.3090  -4.4279   4.2096   1.9613   3.5530  -0.4439  -2.1625
   1.4718  -1.4159  -3.7012  -3.0703   2.5716   0.9469  -0.2589  -0.0123   4.1248   0.7046
   4.9082  -4.2432   0.9661  -3.7135  -2.5269  -1.3396  -1.9857   4.5906   2.2357   4.2779
  -2.4101   0.9670  -2.5554  -3.1011  -2.7792   3.1723   2.1420  -2.2348  -3.5283   2.4376
  -1.5105   3.1633   4.3991  -1.4938  -1.4588  -2.9162  -1.3100  -2.8547  -0.5705   2.2529
  -1.8381  -2.4850  -2.3207  -1.9789   0.1273  -1.8213  -3.2780  -0.6203   4.0080  -0.2684
   0.8756  -1.7270  -2.3263  -1.5947   0.9955   1.2501   3.8502   2.4705   2.4534   3.8706
>b (rhs) data
   27.6968
   42.9026
  -42.1729
  -39.3315
   20.6121
   48.0126
  -45.3733
   43.0913
   14.5752
    6.5490
>c (costs vector) data
  -4.8234
  -2.0370
   1.0702
  -2.0266
  -3.0197
   3.6732
   2.7041
   4.3738
  -3.7623
  -4.5693
>Status flag:
UNBOUNDED