# Randomly generated test case
# Case number: 43; Generated: Sun Nov 19 05:44:16 4461606

# Parameters: n=10, m=15, a=10,b=100
>epsilon -- precision parameter
0.01
>A matrix data
   1.4225   0.0615   4.9921   0.9936   1.9586  -3.5040  -0.0897   3.4055   0.1023   3.0828
   2.6889   4.8582  -3.6425   0.7226   2.5311   3.7599  -2.9718   3.5825   1.9685   3.6748
   0.2270  -3.9597   2.6844  -3.6499   2.0864  -2.3795  -2.7056   2.8538  -1.0692  -0.2031
  -0.6402   4.4486   0.8479  -2.7455   3.9835   2.8583  -0.0816   3.3080   4.3624  -3.4248
  -4.7574  -1.4249  -3.6395   4.3511  -2.4985   4.3900   0.6230   4.7583  -2.7050   4.0820
  -0.7145   3.7472  -1.2277  -1.1687  -2.8229  -0.7698   1.7312  -1.7368  -3.8221   0.2963
   4.6479   0.2744  -2.7319   3.2148  -4.2034   2.1272   2.8658   1.4215  -0.0682  -3.1045
   2.2696   2.9060  -2.8764   0.1126  -0.3919   1.6061  -2.0807  -4.7266   2.8941   3.7575
   3.4608   4.6776  -4.7296   2.0865   2.7900  -0.0175  -2.5040   1.7760  -0.6171  -4.3423
   4.2336   3.1991  -3.0158  -3.3265   1.4404  -3.3362   3.0925   3.1631  -4.1311   4.9276
   0.9785   0.6067  -2.1131   2.1251   2.2928   1.8573  -2.4719  -0.1886   3.5695  -4.8610
  -0.8438   4.0877  -4.2261  -0.5427  -3.5127   0.2539   1.8197   4.0204  -3.0863  -4.0696
   2.9425  -3.9382  -1.5493  -4.0610   4.1215  -0.0909  -0.3019   0.8408  -1.1966   3.3495
  -2.5340  -4.6242   0.6611   0.9070  -2.1036   0.0865   2.7051  -4.3922  -3.8938   2.5564
   1.4303  -4.7953   1.5287   4.6996   1.1205   1.8562  -4.5877  -4.6843  -4.7516   1.7457
>b (rhs) data
  -13.3842
  -18.8003
   40.7355
   22.9602
  -48.8059
  -10.3510
  -37.2398
   30.4260
  -27.5098
   38.5339
   36.9668
    8.4206
   43.6342
  -47.1893
   -5.3544
>c (costs vector) data
  -4.1262
  -4.7961
   1.1376
  -2.7289
   1.5913
  -4.4020
   0.2595
  -0.1082
  -0.6001
  -0.1172
>Status flag:
UNBOUNDED