# Randomly generated test case
# Case number: 14; Generated: Wed Dec 31 19:00:00 1969

# Parameters: n=10, m=15, a=10,b=100
>epsilon -- precision parameter
0.01
>A matrix data
  -0.0283   4.5216  -3.9567   0.6014   2.8946   1.9849   1.5752   3.7266  -0.0251  -2.1468
  -0.1782   0.6107   3.1341  -2.3730   2.7560  -4.3504  -0.1505  -0.6067   1.8044  -0.4214
  -1.6888   0.3813   1.2179   0.6801   1.5873   4.2769   4.1824  -1.7717   1.0387   1.1489
  -4.8170   4.1305   0.6185  -3.1259   1.0185   3.0780  -0.5871  -4.7219  -3.4479   0.4300
  -4.5999   3.5298  -4.0253  -3.4895   0.6406  -2.7311  -1.7864   3.3932   3.4606  -4.4007
  -1.8241   4.5246  -1.9943  -4.2554  -3.2752  -3.7020  -2.8536   4.1977  -4.2305   2.5825
  -0.0337   3.5653   3.6453   1.2872  -1.5734  -2.9590  -3.8913   2.4699   2.6582  -4.2431
   1.9589   1.0831   2.0466   0.5653   4.4215   4.8279   0.6525  -2.3602  -0.0040   1.0679
  -0.1190  -1.0410   1.9970   2.6385  -1.7478  -3.2155   0.4512  -4.9751   3.8403   4.1976
  -3.5250   0.2136  -0.4644  -1.5006   1.3950  -2.1768  -1.0287   1.9279  -0.6199   2.2281
  -3.2172  -4.1551  -4.9151  -2.5801   3.7417   3.6286  -1.0172  -3.0301   1.4439   2.3446
  -1.9912  -3.5419  -4.5768   4.3114  -1.4574   2.9614   4.6862  -1.1560  -1.6611  -3.6211
   0.1860  -4.5027  -0.3968   3.6550  -4.5169  -4.8247  -3.2795  -1.7826   2.7276   0.1439
  -2.1748   4.8589   1.8758  -4.9683  -0.9771  -4.0375  -4.2729  -3.9011   4.4056  -2.5700
  -2.0737   0.4712   0.2637   2.4732   0.0793  -2.9068  -0.3100  -1.1097  -1.8633   0.6134
>b (rhs) data
   33.4856
   39.4048
  -34.4770
  -25.9182
  -42.2512
  -17.1339
    5.4529
   -2.0716
   20.9710
  -37.5464
    4.5654
   10.3118
   -1.2255
   39.4385
   29.0204
>c (costs vector) data
   4.2050
   2.7009
  -1.6669
   0.8382
   4.0689
   0.7013
   4.5828
   1.4640
  -1.5848
  -0.0806
>Status flag:
UNBOUNDED