# Randomly generated test case
# Case number: 24; Generated: Wed Dec 31 19:00:00 1969

# Parameters: n=10, m=10, a=10,b=100
>epsilon -- precision parameter
0.01
>A matrix data
  -1.8048   1.6883  -3.9301   4.5659  -4.8776  -3.4906   2.3810   1.0364   3.0500   4.5262
   1.4467  -2.9360  -2.9599  -4.7186  -0.2109   2.1029   1.7560   3.0863  -2.7566  -3.5338
   1.1145   1.4295  -4.5461   1.1235   1.8815   0.9156   1.5080   0.4201  -1.3291  -3.6557
  -3.7522   4.2527  -2.5475  -0.7114  -4.3942  -3.9486   0.0181   1.1201  -1.3355   4.0332
   3.1041  -1.9567   0.4202   4.9549   0.7124   2.1575   0.7841   3.4167  -4.2079  -1.1181
  -3.6449   2.3064   4.5822   4.5636  -0.0316   2.7357   0.9520   2.0839   0.5977   2.6989
  -2.7278   3.4616  -1.3812   2.1148   1.1219   1.7132   2.8016  -1.6041  -2.9344  -2.9041
  -2.2526   3.3302  -1.0483  -4.2202   3.3651   4.6446  -1.1974   0.3224   2.2754   0.7968
   0.5170   3.3478  -2.7266  -2.2946   4.3761  -4.8613  -0.3842  -2.2986   4.1768  -4.3133
   2.2504   2.0476   4.2553  -0.5438   0.8960  -0.7530  -4.7754   0.0721  -4.2920  -2.1195
>b (rhs) data
    6.7228
   32.0907
  -34.0401
  -45.1325
   23.4065
    6.9643
   49.4209
  -15.3367
   13.1409
   17.0775
>c (costs vector) data
   4.8875
  -4.6743
   4.9393
   4.9254
  -1.9412
  -2.0200
   0.2812
  -4.5799
   4.3792
   4.3402
>Status flag:
UNBOUNDED