# Randomly generated test case
# Case number: 15; Generated: Wed Dec 31 19:00:00 1969

# Parameters: n=10, m=10, a=10,b=100
>epsilon -- precision parameter
0.01
>A matrix data
  -2.9339  -1.5200  -2.5670  -0.7901   4.8116   2.4761  -2.9020   2.6221  -3.3687  -3.8670
  -3.1481  -4.5340   2.8228  -4.7063  -4.8788  -1.1293   2.9617  -3.2522   2.0803   3.3022
  -2.0718   2.5688  -4.2744   4.7370   2.0294  -1.0674   1.6982  -1.0429   0.8120   3.6065
   2.2105  -4.7503  -3.5765   0.8086  -1.7424  -2.2065  -1.3436  -3.7019  -4.7898   0.6132
   0.3660  -3.2116  -1.9630   4.2369   3.4811  -0.8290   4.3811  -3.5555  -3.4192  -0.2455
   2.2196   1.1657   1.7574   0.2022  -2.6883   4.4258  -1.0287  -2.6726   0.2859   1.0117
  -0.6520  -1.2840   3.9983   3.8126  -1.3455  -3.7413  -3.8876  -0.4414   2.5697   1.6920
  -2.0877  -2.7278   2.1277  -1.0187  -0.5520  -0.6771   0.9221  -3.7156   2.3453   3.3109
   3.0107  -1.6980   2.8767  -2.1175   2.3664   0.8657   4.4774  -1.3096  -4.9509  -3.4495
  -3.0816   0.1732  -2.9501   3.6567   0.3426  -4.4873  -3.3377   4.1137   3.6207  -4.5785
>b (rhs) data
  -15.8252
    6.9860
    1.7540
   41.7836
  -32.2481
  -13.9433
   30.6803
   15.1157
  -10.6230
  -22.7049
>c (costs vector) data
   4.1100
   3.4142
  -4.4958
  -4.0214
  -3.9343
   0.4556
  -3.4107
  -4.8113
  -1.9364
  -4.9204
>Status flag:
UNBOUNDED