# Randomly generated test case
# Case number: 3; Generated: Wed Dec 31 19:00:00 1969

# Parameters: n=10, m=20, a=10,b=100
>epsilon -- precision parameter
0.01
>A matrix data
  -0.3850   1.4466  -3.1837  -0.0811   4.9899   3.4216  -4.0632   1.1955  -2.1960   0.6947
   3.1818  -4.1855  -4.9965  -3.3123  -4.4874   2.1437  -1.7218  -4.4916   3.2227  -2.5991
   1.9031  -1.1646   2.0739   1.7240   3.8378   1.3962  -4.3140  -1.3461   1.6224   0.8066
   1.5568   0.1595   0.5651  -3.7194  -2.4224   4.8662  -4.8128   0.4780  -0.5093  -3.9896
  -3.1678   1.5464  -2.1430  -3.4189   0.9910  -2.4331  -0.4881   1.4252  -1.3189  -2.9142
  -3.6719  -4.3162   3.8667  -0.5869   0.9174   3.8111  -0.8348  -4.9908   2.5931   4.7860
  -3.8195  -2.5498   2.6865   4.4526  -1.1803  -3.3370  -3.8932   3.4219   2.2346   1.2273
  -1.6784   2.8431  -2.5522   1.3435   1.7514  -1.6197   4.9672   0.0523   0.8248   4.7690
   3.1097   1.3966  -0.8709   3.3732   3.1687  -4.9190   0.3886  -3.6479  -1.4718   3.1946
   3.9783   2.1167  -3.2399  -1.2036  -2.7522   4.9680   3.2561  -4.7679   1.6425  -2.3742
  -1.0000        0        0        0        0        0        0        0        0        0
        0  -1.0000        0        0        0        0        0        0        0        0
        0        0  -1.0000        0        0        0        0        0        0        0
        0        0        0  -1.0000        0        0        0        0        0        0
        0        0        0        0  -1.0000        0        0        0        0        0
        0        0        0        0        0  -1.0000        0        0        0        0
        0        0        0        0        0        0  -1.0000        0        0        0
        0        0        0        0        0        0        0  -1.0000        0        0
        0        0        0        0        0        0        0        0  -1.0000        0
        0        0        0        0        0        0        0        0        0  -1.0000
>b (rhs) data
   38.2673
   10.7933
   27.6972
    2.7046
  -39.8962
    4.1419
   22.1207
   49.5558
   -8.8006
  -43.6494
         0
         0
         0
         0
         0
         0
         0
         0
         0
         0
>c (costs vector) data
   4.9681
  -4.5258
  -2.3909
   3.3273
   0.1749
  -0.3907
  -0.6312
   1.2545
  -2.2892
  -0.1836
>Status flag:
UNBOUNDED