# Randomly generated test case
# Case number: 21; Generated: Wed Dec 31 19:00:00 1969

# Parameters: n=10, m=10, a=10,b=100
>epsilon -- precision parameter
0.01
>A matrix data
   2.1105   0.3081   4.6151  -0.2671  -0.2346   1.2553  -3.3928  -2.2446  -0.0243   2.3812
  -0.3798   1.2072  -2.3250  -0.7202  -3.8567  -0.7596   4.7619  -3.9390   2.7499   2.4618
  -0.1352   3.5714   3.0127  -2.0237  -4.1408  -2.9557  -4.1431  -1.9037  -1.8280  -2.1464
   3.5445  -4.7365   4.9058  -0.2959  -4.5222  -2.2942  -1.7189   3.3030  -2.8101   3.4146
   3.0731   0.5797   0.2122  -3.0199  -3.6912   1.6431  -4.4370   0.9043   4.9192  -1.3179
  -1.1332  -4.4256  -0.0575  -1.8283   3.5965   3.1294   1.2371   0.0377  -0.8105  -1.2597
   4.6783  -2.1709  -3.9453  -2.9538  -2.8387  -3.6287   0.6596  -0.0953   4.6975  -1.9018
   3.4086  -2.0852   4.1178  -1.7504   3.4202   3.8374  -2.8536  -0.6334  -1.7265  -1.9211
  -3.2800   4.5638   4.9132   0.2762  -4.9634  -2.0388   4.6327   1.6429  -2.4127  -3.5791
   0.3627  -2.5503   0.1545   0.9496   4.2015   4.7520   1.1714   1.4018  -1.9922   1.5575
>b (rhs) data
  -26.4736
   27.9421
  -18.1153
   45.6088
  -45.7536
   10.6769
   33.0241
  -44.9301
    9.4095
  -25.3916
>c (costs vector) data
   0.5835
  -2.1004
  -2.3516
  -1.8686
   2.2997
   2.5129
  -4.6431
  -4.4835
   1.4246
  -2.0795
>Status flag:
UNBOUNDED