# Randomly generated test case
# Case number: 42; Generated: Wed Dec 31 19:00:00 1969

# Parameters: n=10, m=25, a=10,b=100
>epsilon -- precision parameter
0.01
>A matrix data
   1.9762   4.2588  -0.8645  -0.9524  -1.8589  -3.6419   2.1117   1.8178   0.1567  -0.4290
   0.2979  -2.4248  -1.5439  -2.2686  -1.8127  -1.7315  -3.7473  -1.7386  -4.9235  -4.9263
  -3.7693   2.9068   4.0857  -3.5097  -3.5289   2.9180   2.3293  -2.8037   4.1954  -0.0304
   0.5699   4.8934  -0.4873  -2.3666  -4.5705   0.4390   1.5766   3.1408   0.6180   4.7851
   2.3214   3.3047   3.0004  -3.0656  -3.9231  -2.3826   2.0283   0.5741   1.1583  -0.3011
   0.9852  -1.8789   4.1735   3.3018   3.7410  -2.0853  -3.9054   2.4365   2.0253   4.6918
  -4.1183   2.1649   3.0371   0.6433   3.5487   1.5759   1.7295   2.0833  -4.1045   0.2929
   4.8506  -2.8071  -1.4721  -3.0965   1.1443   1.6795  -2.6020   4.3661   4.8822  -3.3388
   1.1160  -4.1946   0.7569  -3.9368  -3.7663  -0.6743   1.1822   1.3521   0.3479  -3.8953
   4.7657  -2.7593   0.4518   0.4326  -3.5811  -4.3248   1.8242  -0.9833   2.4875   4.8064
  -1.7575  -1.1898   4.6578   3.2160  -2.1213   3.5753   3.5106  -3.0246  -1.8161  -4.2241
   3.6606   2.7592   4.2117  -0.8365  -1.0899   1.4311  -3.3218  -4.2564  -4.5756   2.8018
   0.3492  -3.9897   4.5634  -2.5403  -2.2219  -1.8253  -0.5297  -3.3265   2.3297   0.7858
   3.9500  -0.6698   3.5539   3.3506  -2.6905  -3.1123  -2.7338  -4.8683  -2.4499   2.1542
   2.2204  -4.9237   2.6258   0.3576   1.0378  -4.8056   1.5938   0.5785  -1.0253  -0.4836
  -1.0000        0        0        0        0        0        0        0        0        0
        0  -1.0000        0        0        0        0        0        0        0        0
        0        0  -1.0000        0        0        0        0        0        0        0
        0        0        0  -1.0000        0        0        0        0        0        0
        0        0        0        0  -1.0000        0        0        0        0        0
        0        0        0        0        0  -1.0000        0        0        0        0
        0        0        0        0        0        0  -1.0000        0        0        0
        0        0        0        0        0        0        0  -1.0000        0        0
        0        0        0        0        0        0        0        0  -1.0000        0
        0        0        0        0        0        0        0        0        0  -1.0000
>b (rhs) data
   49.4128
  -11.7671
   -3.7606
    7.0789
   34.5067
  -43.0453
   16.7930
  -20.1796
  -16.1403
  -23.7190
   25.9197
  -43.8837
  -45.1330
  -49.1320
   23.7655
         0
         0
         0
         0
         0
         0
         0
         0
         0
         0
>c (costs vector) data
   4.0519
   2.7503
  -4.8602
   2.5049
  -4.0537
  -2.1893
   2.0963
   2.2489
   4.4015
  -3.7009
>Status flag:
INFEASIBLE