# Randomly generated test case
# Case number: 6; Generated: Wed Dec 31 19:00:00 1969

# Parameters: n=10, m=10, a=10,b=100
>epsilon -- precision parameter
0.01
>A matrix data
   0.5405  -1.6344   0.2416  -0.1603   3.9104   3.0496   1.8171  -3.1236   3.2211   1.6825
   1.7490   1.9923   0.4875  -4.1887  -4.3719  -4.6613  -4.6834  -2.7524   2.6305  -0.9877
   0.1013   2.2643  -4.2972   1.1532   1.8705   2.6921  -2.0609  -1.1727   2.9325   3.7386
  -3.6816  -4.1345   3.0693   3.5777  -2.1625   0.4012   3.5069  -1.3732   2.1412   1.6345
  -4.7576   0.4146  -3.9385  -4.6097   2.0711   4.1337  -3.9264   3.6864   1.5880   2.8687
   4.2815   0.8039  -3.3696   4.1736   0.1303  -0.2480   3.1713   3.4025  -4.5474   1.8193
  -1.0894   1.4133  -4.3749  -3.0697   0.1314  -4.6604  -0.4387  -2.9714   3.6137  -2.7027
   0.5829   1.6306   1.0525  -4.5141   1.0610  -3.6546  -3.9370   0.9670  -4.7018  -4.9336
  -1.1886  -4.2035  -2.0888   3.6768  -1.0889  -2.9699   4.8524  -2.4369  -1.3590  -2.8116
   1.4058  -1.7397   1.5253   2.6069  -2.7566  -1.4472   0.7432  -2.5856  -2.6129   4.0208
>b (rhs) data
  -32.6712
   48.5286
   40.6166
  -17.5207
   16.5981
   43.8485
    9.6393
   23.1252
    1.6700
  -32.7766
>c (costs vector) data
  -4.9854
  -0.8034
   0.5684
   3.3785
  -2.4728
   1.6021
  -0.4314
   2.9873
  -4.5229
   0.7112
>Status flag:
UNBOUNDED