# Randomly generated test case
# Case number: 41; Generated: Wed Dec 31 19:00:00 1969

# Parameters: n=10, m=15, a=10,b=100
>epsilon -- precision parameter
0.01
>A matrix data
   4.8159   0.8386  -3.5895   2.9847  -1.2372  -2.2697   1.8099  -4.7513   3.4841   0.3250
   1.5122  -1.5558   4.5795  -2.9094   1.7816   3.0772   2.0245   1.3035   4.7264   4.7656
   4.8783   1.9742  -2.2939  -2.1977   2.9991  -4.3072   2.9017  -0.7622  -0.0680   0.2307
  -1.5007  -3.7186   4.8532   0.4458   0.8172  -1.6626   1.2074  -4.0587  -3.6644   2.1655
   4.5915   0.0693   4.2030  -1.4227  -1.4294   0.0409   1.2566  -4.1610  -3.7709   1.9646
  -1.9523   3.3589  -3.6278   0.1832   3.0039  -3.7171   2.0721   2.2696  -4.8141  -2.4063
  -0.4626   1.5708   4.1895   0.0352   2.3591  -3.4757   1.7752   2.2465   4.9074  -3.8893
   0.2134   2.1082   4.6081  -4.4092   4.3976  -3.9307   1.5520  -1.5110   0.4245   4.1757
  -4.1229   1.1498   3.6619  -2.3034   4.1997   4.2772  -4.1418  -3.4890  -4.0405  -4.9231
  -2.1237   0.0985  -0.8410   4.0848   1.7415   1.2411   0.2212  -1.6142  -3.0301   3.9349
  -3.7842  -3.1224  -3.0595   2.0107   0.0096   1.4913  -1.1396   0.5754   2.4414  -3.0862
  -4.5774   0.9080   3.3192  -0.6558   3.9243   2.2742   1.8887  -0.0646  -1.8423   1.0895
   3.9529   2.3554  -0.0693   0.6735  -3.0722   4.3300   3.7345  -1.9629  -1.0505   2.8596
   4.4074   3.4161   1.0516   0.9300  -0.3010  -2.8389   4.2837  -4.7656   2.8096   3.7945
  -1.9423  -3.4216   1.5903   4.6483   0.7854  -4.5129   4.7520  -3.2752  -3.3695  -3.8347
>b (rhs) data
  -43.7258
   -8.6944
   -7.7510
    6.0097
  -22.8025
   -0.0914
  -45.0182
   -5.2989
   11.5801
   38.3671
  -49.8455
  -41.0492
  -11.1387
   10.4163
   -0.0348
>c (costs vector) data
  -0.2296
   4.1633
   4.6759
   1.3409
   2.3243
   0.4172
   0.2800
   2.0315
   1.9082
  -2.4992
>Status flag:
UNBOUNDED