# Randomly generated test case
# Case number: 21; Generated: Wed Dec 31 19:00:00 1969

# Parameters: n=10, m=15, a=10,b=100
>epsilon -- precision parameter
0.01
>A matrix data
  -3.0326   0.1514   2.8842   3.4550   2.9137  -0.9336  -4.0388  -3.7585   1.8730   0.5048
  -4.7005   0.0797   1.0463  -3.7056   1.9630   0.5429  -4.9384  -3.8362   1.1574  -2.6526
  -0.2494   1.9038  -0.3646  -1.5702   3.8832   2.5156  -2.2873   1.0710  -1.0530  -2.3703
   1.4340  -1.0604  -0.9299  -1.9475  -3.1719   4.9946   0.4595  -2.1995   2.6194   4.7294
  -0.8998  -2.2551   0.4532   0.3043  -0.7029  -4.1833   0.2337  -2.8552  -4.6161  -1.2482
   4.8622   0.7067  -2.4646  -0.9769   3.9496   3.4401   3.7091  -4.7964  -0.6245  -4.1178
  -4.4388   1.9057  -4.6863   0.1267   4.5268  -4.7851  -2.2050   0.9734   4.8979   1.1447
  -4.6040  -4.8910   0.0141   1.3026   1.8384   0.9766  -1.2636   2.1971   0.9592   1.6989
   3.8419   2.6948  -3.6277  -4.3041   2.8935  -1.2328   4.8437  -2.4908   4.6697  -3.9240
   1.1014  -0.9029   4.0798   1.5107  -4.5107  -1.7957   1.3797   0.5180  -4.2264  -3.0356
   4.6425   2.7198   0.8762   4.0802   1.0473   1.8731   4.6612   2.8845  -0.8872  -1.0824
   0.7408   1.3897   3.4872  -1.2442   0.7758   1.8207  -2.4169   3.5530   2.7759   2.4560
  -0.5938   0.7772  -3.1195   4.0877   0.8777  -4.4741   3.4327  -1.7419   2.9492   0.3822
   4.4668   2.4514   0.2520   1.0291  -1.3129   2.8583   2.7041   3.0541  -2.4180   1.3454
   3.2637  -3.2147   2.2131   1.1594  -0.5861   2.4999  -4.8186  -4.9587  -0.4110   4.0341
>b (rhs) data
   10.7246
   26.9839
   11.8214
  -38.0317
   30.8771
   38.4914
   -2.4027
   -3.3034
  -39.7550
    0.7764
    1.3098
   14.0217
   -5.2261
    1.6526
   30.8047
>c (costs vector) data
  -2.9369
  -4.3828
  -2.2637
  -1.7369
   1.9958
  -3.3157
   2.1096
  -3.5416
  -1.3014
   2.7543
>Status flag:
INFEASIBLE