# Randomly generated test case
# Case number: 35; Generated: Wed Dec 31 19:00:00 1969

# Parameters: n=10, m=25, a=10,b=100
>epsilon -- precision parameter
0.01
>A matrix data
  -3.8823  -3.5782   1.3150   3.8458  -2.1456  -0.0014   2.7830  -3.2455  -0.8129  -3.6894
  -2.8958  -0.2321  -1.5985   3.4146   1.4863   0.4348   1.4540  -3.0120  -4.3265   2.2460
  -0.3181   2.8863   3.9108  -3.0023  -0.3119   0.4613   3.1774   1.3052  -1.9804  -1.7250
  -2.9583   3.4410  -1.1289   0.7983   2.2604   4.5311   3.0049  -2.0604  -0.8243  -1.2081
  -3.4623  -0.4649   3.8054  -4.2007  -0.7869   4.9074  -4.6155   2.9737   1.3014  -1.7126
  -0.9487   2.2583  -4.0285  -4.7390  -1.0491   0.3447   3.6943   4.9594   3.4924  -2.8577
  -2.8060   3.3149  -3.5453  -4.7091   0.1540   0.3385  -3.7368   4.0314   3.7352   0.3890
   3.2104   4.7320   3.8204   4.5659  -0.5389   4.8775   2.1417  -2.7978   1.5790  -1.5162
  -0.7563  -2.6413   4.9027   2.3225  -1.8502  -4.3762  -2.1639  -2.5041   3.7779  -2.4512
  -2.4433   4.7972  -4.8147   4.3218  -2.1668  -1.6169   3.3735  -2.5993   3.0111   0.4797
   3.8478   4.6427   1.0383  -0.3687  -2.5849  -4.9098  -4.1671   4.2581  -3.8166  -0.9211
  -1.0641   0.0065   2.4151  -3.1208   0.9312   4.8913  -3.6103   2.6952   0.2808   0.4233
   0.2626   1.3800  -2.2993   4.5761  -1.8382   4.0967   3.3753   1.3440   4.9236   4.9329
   1.9542   2.0743   1.1117   4.6374   4.0234   0.5865  -3.5867  -4.2354  -0.4826   0.8136
  -2.5766  -3.8768   4.1848  -1.5199   3.1038   0.2602  -1.2080   4.7136  -0.6763  -1.4608
  -1.0000        0        0        0        0        0        0        0        0        0
        0  -1.0000        0        0        0        0        0        0        0        0
        0        0  -1.0000        0        0        0        0        0        0        0
        0        0        0  -1.0000        0        0        0        0        0        0
        0        0        0        0  -1.0000        0        0        0        0        0
        0        0        0        0        0  -1.0000        0        0        0        0
        0        0        0        0        0        0  -1.0000        0        0        0
        0        0        0        0        0        0        0  -1.0000        0        0
        0        0        0        0        0        0        0        0  -1.0000        0
        0        0        0        0        0        0        0        0        0  -1.0000
>b (rhs) data
   17.1113
  -10.1243
   -4.3922
  -21.7958
    9.5751
   18.0701
   23.7791
   14.2232
  -21.8587
   11.8871
   15.3735
   -9.3295
  -39.7097
  -22.7822
   -9.9540
         0
         0
         0
         0
         0
         0
         0
         0
         0
         0
>c (costs vector) data
   4.8975
   1.7015
   4.6702
   3.0967
   0.9672
   1.6233
   1.5333
   0.3246
  -4.7779
   3.5311
>Status flag:
INFEASIBLE