# Randomly generated test case
# Case number: 44; Generated: Wed Dec 31 19:00:00 1969

# Parameters: n=10, m=20, a=10,b=100
>epsilon -- precision parameter
0.01
>A matrix data
  -2.7489  -1.5010   0.0696  -1.6874   1.6042   2.5082  -2.3442   2.5460  -2.1383  -3.3139
   4.1665   1.0611  -1.6197   2.4540  -2.6390   4.2423  -1.8540   2.4358  -2.2728  -0.6133
   4.2511   0.4095  -4.9037   3.5246  -3.3294   4.2199   4.4460  -2.6882   3.4985   0.3350
  -4.4287   3.4795   1.7367   3.5247   3.4480  -2.9030   0.4675  -4.8029  -4.4280  -2.6522
  -3.0024  -0.2767   4.3070  -1.2033  -1.0200  -2.5288   0.5755   2.0994   0.3134  -1.5586
  -1.4367  -4.4866  -1.6201  -3.1347   3.1244   3.9614   2.2319   4.5871  -3.2506  -2.3209
  -0.0375  -4.5497  -1.7103   2.6565  -0.1470   2.6843  -4.4138   4.0757  -1.7762   2.0516
   3.3618   4.4119   3.5607  -1.9569  -0.9905   3.2596   2.2568   2.0939  -4.4836   0.3991
  -0.5516   3.0557   0.1385  -1.8853  -0.8508  -0.5522   0.0604   3.1034  -0.2993  -4.5487
   4.6958  -0.6330   3.2978  -1.9061   0.5655   4.7969   1.1870   4.4142   0.7724   2.5703
  -1.0000        0        0        0        0        0        0        0        0        0
        0  -1.0000        0        0        0        0        0        0        0        0
        0        0  -1.0000        0        0        0        0        0        0        0
        0        0        0  -1.0000        0        0        0        0        0        0
        0        0        0        0  -1.0000        0        0        0        0        0
        0        0        0        0        0  -1.0000        0        0        0        0
        0        0        0        0        0        0  -1.0000        0        0        0
        0        0        0        0        0        0        0  -1.0000        0        0
        0        0        0        0        0        0        0        0  -1.0000        0
        0        0        0        0        0        0        0        0        0  -1.0000
>b (rhs) data
   32.2997
   26.2604
   17.4792
   16.9046
  -36.1578
   -9.1313
  -15.0567
  -25.7461
   -7.3237
   -0.9985
         0
         0
         0
         0
         0
         0
         0
         0
         0
         0
>c (costs vector) data
  -3.5080
   2.3820
   2.0729
   2.0296
  -2.8509
   3.8174
   1.0086
  -4.8526
   2.3347
  -3.4078
>Status flag:
INFEASIBLE