# Randomly generated test case
# Case number: 5; Generated: Wed Dec 31 19:00:00 1969

# Parameters: n=10, m=10, a=10,b=100
>epsilon -- precision parameter
0.01
>A matrix data
   0.2054  -1.6951   4.5906   1.8163   2.9062  -4.7237   0.7016   1.7020   4.4852  -4.2402
  -0.1011  -2.0503  -0.1843   0.4545  -2.2659  -3.1686  -3.9699  -3.2701  -1.7624  -2.0565
   2.5481  -2.3147   3.9535   4.2637  -4.5392  -3.6352   0.6845   1.0819  -1.5804   2.7849
  -4.7391   3.7422  -1.3649   3.1447  -2.6356  -0.7938  -2.7281   1.2078  -2.8045  -2.5746
   4.9341  -2.4748   0.3936   1.3884  -0.1314   3.3486  -4.8291   3.0486  -1.9598   3.5696
  -4.9809  -0.9813   0.3504  -0.0688  -4.4490  -3.6561   1.2491   1.5051  -3.0198  -4.1897
  -0.2767  -4.8182  -3.2808  -4.3807  -2.5098   2.9023   1.4369   1.4834  -4.0830   1.9991
   3.5085   4.4581  -4.3255  -3.1692  -3.5460  -0.9613   0.9366  -3.9378  -2.7879  -1.5096
   2.9530  -3.5736   1.6993   4.5651  -1.8768   4.1066  -3.9505   1.2953  -4.6561  -0.6301
   3.1799   3.6597   2.1472   2.2949   0.0867  -3.0532   1.0861   0.1252   4.3116  -0.3507
>b (rhs) data
  -17.3133
   -2.6981
  -46.3520
   42.9531
  -32.6287
  -32.0337
   34.3214
    3.3807
   -2.5567
   -0.2286
>c (costs vector) data
  -3.0460
  -4.2867
   4.3585
   3.5097
   1.6492
  -3.1814
   4.5743
   1.3321
   1.6336
   4.4288
>Status flag:
UNBOUNDED