# Randomly generated test case
# Case number: 40; Generated: Wed Dec 31 19:00:00 1969

# Parameters: n=10, m=25, a=10,b=100
>epsilon -- precision parameter
0.01
>A matrix data
  -4.7197   4.7408  -0.7565   2.7752  -2.1555   2.1636   4.9999  -1.6203   3.8101  -1.7728
  -1.4131  -1.6115   0.6936  -1.0580   4.9084  -3.7275   4.3307  -1.7142   2.0436   1.4397
   4.8514   0.6250  -3.1072   4.3843   1.2220   2.9834  -1.1022   1.9863   1.5487   2.8784
   0.6462   0.3197  -4.7259  -4.3629   4.2473   2.9944  -3.5612  -1.1326  -4.6599  -2.8344
   0.8239  -0.8142   3.5682   3.9918  -0.1389   0.3732  -1.4277  -0.1664   1.4438  -3.9404
   1.5170  -4.9104  -4.6357   3.5694  -4.1537  -2.2205   2.6595  -0.4514   0.9566   0.2357
  -4.1172  -1.8664   0.1342   3.5101   0.8877  -0.8844   1.9385   3.3099  -0.1977  -4.2187
  -0.9199   3.2921  -0.3024  -1.5867   4.2330  -0.2710   0.5361   2.4578   2.1112  -2.4094
  -2.7668   0.7610   2.5487  -4.3036   2.8563   1.6878  -1.1428   2.9359  -2.3364  -4.1530
  -2.7976   4.0310   0.9578  -2.4959  -1.5631  -3.0334   2.0709  -4.5987   1.5176  -4.5186
   2.0191  -0.9619   4.1345  -1.8975  -2.9449   0.7234   1.5104  -4.2583  -2.1550  -2.6240
  -4.3986   1.5709  -0.3363   1.2430  -0.8831  -4.1521  -3.7926  -2.0616  -0.0454   2.6337
   4.5044  -4.3582  -2.5544   3.1592   1.8788   2.9414  -1.4557  -1.3450  -1.6085  -1.9766
  -4.7222   4.3023  -1.0813   2.7462   1.5074  -3.1878  -2.5683   2.4363  -1.0915  -2.8056
  -3.4508  -4.4392   0.0862  -1.4210  -1.2439   0.3479  -4.5792   1.7905  -3.8257  -1.4075
  -1.0000        0        0        0        0        0        0        0        0        0
        0  -1.0000        0        0        0        0        0        0        0        0
        0        0  -1.0000        0        0        0        0        0        0        0
        0        0        0  -1.0000        0        0        0        0        0        0
        0        0        0        0  -1.0000        0        0        0        0        0
        0        0        0        0        0  -1.0000        0        0        0        0
        0        0        0        0        0        0  -1.0000        0        0        0
        0        0        0        0        0        0        0  -1.0000        0        0
        0        0        0        0        0        0        0        0  -1.0000        0
        0        0        0        0        0        0        0        0        0  -1.0000
>b (rhs) data
  -39.9852
  -19.9985
   -3.0989
   -8.9764
   33.0608
  -23.4914
  -45.4162
   47.8851
  -13.1215
  -22.4932
  -26.4884
  -32.6221
   19.7284
   21.5339
   16.1859
         0
         0
         0
         0
         0
         0
         0
         0
         0
         0
>c (costs vector) data
   1.9869
   2.1273
   3.1330
   3.8649
  -3.8569
  -0.4331
  -1.2204
  -4.3757
   0.1103
   3.5957
>Status flag:
INFEASIBLE