# Randomly generated test case
# Case number: 0; Generated: Wed Dec 31 19:00:00 1969

# Parameters: n=10, m=15, a=10,b=100
>epsilon -- precision parameter
0.01
>A matrix data
  -4.5874   3.2485  -2.3869  -2.2651  -4.2550   0.9822  -3.6747  -3.0564  -4.5710   4.5630
  -2.3711   1.1483   4.3906  -4.8820  -2.4491  -0.6377  -4.8164  -0.8240  -4.0122  -0.2013
   4.1172  -0.1957  -1.7378  -1.6915   2.9374  -3.2807  -1.9704  -3.8033  -0.7542  -0.3010
  -0.2634   3.5542   1.1782   2.7697  -2.9555  -2.9556  -3.9678   1.6351  -1.8600   2.8170
   1.5557  -1.0585  -4.6382  -1.4182   2.4355   1.3774   1.1603  -2.7622   0.5547   1.1049
  -1.7728   1.9957   0.9883   3.6514  -4.9479   2.2078   4.2788   4.5181  -4.8986  -2.1200
  -2.6778   0.2100  -2.9694   1.3853   1.1319   4.2635  -2.1335  -2.8768  -3.9185   1.9581
   2.5513  -4.3796   3.7845  -3.5800  -3.9913   2.5841   3.5293  -2.2297  -3.3694  -1.0692
  -1.8357   3.9592  -3.3807  -3.8891   3.7384  -0.7475  -3.3625   4.3932   4.9414   2.2962
  -4.8668  -3.7534   2.3497  -2.3202   4.2842   0.2008  -4.1795   0.1621   4.8774  -2.3789
  -1.5409   2.5770   3.2197   2.4360  -4.0274   1.8814  -3.1712   0.0798  -4.2138  -2.0354
   1.7679   4.1821   2.6032   1.5753  -4.2107  -0.6730   1.3299   1.3085   4.1484  -1.0786
  -1.6491   2.6157   1.2659  -2.2757   3.8977  -0.4951  -3.8556  -2.6862  -3.1315  -4.6496
   1.7773  -2.8081   2.6412  -4.5113  -4.0003   1.3848  -3.6699  -1.2470  -2.8756  -0.5116
  -3.1785   1.0102   2.3586   3.4404  -3.6137  -4.3447   3.3563  -3.1535  -0.8963  -2.7436
>b (rhs) data
   33.6196
  -44.2549
  -26.1279
   11.0175
  -13.2546
    0.9112
  -21.1224
   13.2635
   35.0631
   24.5649
  -17.0961
  -45.8079
  -24.0444
   14.7927
   16.0937
>c (costs vector) data
   0.1913
   0.8403
  -0.1488
   4.9673
  -3.8346
  -0.3106
  -1.3614
  -1.4931
   3.5648
  -2.0762
>Status flag:
UNBOUNDED