# Randomly generated test case
# Case number: 25; Generated: Sun Nov 19 05:44:16 4461606

# Parameters: n=10, m=15, a=10,b=100
>epsilon -- precision parameter
0.01
>A matrix data
   3.0461   3.7426  -0.7222  -4.7231  -1.0890   2.1297   0.3330  -1.7018  -0.3592   4.1969
  -0.7695   0.9173   2.0180   3.1951   3.0310  -0.2841   3.2902   1.6789   2.5508   3.4689
  -3.4555  -3.2527   1.8282  -4.8687  -1.4280   3.9707   2.6848  -3.6049  -3.5976  -1.8009
  -3.8854  -0.7203   2.7260  -2.4586   3.6024   0.6099  -3.4602   0.4861   1.3923  -1.8289
  -3.5471   0.7383   3.3323   3.2090   2.8708   2.5074   2.6746  -1.7760  -3.0614   1.6086
  -4.6083   3.1207  -0.6500   1.0799   1.1125  -2.2546   1.1854  -2.8324  -4.9225  -2.7874
   2.9658   4.6720  -4.1410   3.1320   0.4910   1.6210   3.9222  -4.2727   1.2051   2.0625
   3.6821   1.3925  -2.0583  -0.7890   0.6278  -1.2247   4.0001  -1.7884   3.6718  -1.1800
   3.6220  -2.7172  -3.4794   2.5361  -1.5840  -0.6130   1.2896  -1.5580   2.7451   2.7133
   2.3717  -0.4749  -3.8175   1.7322   3.0969   2.7910  -4.3385   2.9782  -4.3330  -3.7255
  -0.0042   3.9845   3.7768   3.1541  -1.9837  -2.1004  -0.2295   0.6826  -0.1791  -2.5619
  -4.4281   1.8520   3.6861   4.2796  -1.0464  -1.7624   1.7189  -2.4080   3.7730  -3.7429
   2.5955  -2.1845   0.8079  -0.5839  -3.2495   0.0089   3.3257   3.1120   3.5864  -1.3603
  -0.5529   3.8982  -1.6066   0.6768  -0.3777  -1.1455   2.6767   3.2022  -2.0078   1.9266
   0.6102  -0.4834   1.1286   2.9324   1.4933   2.4396   2.2703  -0.8010  -0.5322   2.7166
>b (rhs) data
   38.9465
  -28.1922
  -41.2046
  -16.7363
   -2.8518
  -17.2996
   -2.0571
  -31.8532
  -18.3690
   23.9459
    2.2027
    2.1003
   31.3186
   -5.7185
  -12.4088
>c (costs vector) data
   1.7807
  -4.6730
  -0.0063
   0.4615
  -0.2171
  -1.4224
  -0.9503
   3.1701
   4.4590
  -3.3573
>Status flag:
UNBOUNDED