# Randomly generated test case
# Case number: 25; Generated: Wed Dec 31 19:00:00 1969

# Parameters: n=10, m=15, a=10,b=100
>epsilon -- precision parameter
0.01
>A matrix data
   4.5985  -0.3228  -4.8932  -4.2991   4.3495  -4.5807   4.9148   3.2158  -4.6947  -1.7672
   4.5319  -2.1405  -0.7577   2.4930   1.2958  -4.4063   3.8504  -2.3731  -3.9011  -2.7477
  -3.0686   3.4480   0.6679  -4.1398  -0.8685  -1.1135   0.0131  -1.9193  -2.3389  -3.7461
  -3.4818  -0.2343   1.8195   0.1507   3.1805   1.0648  -1.8989  -2.5846   3.4733  -1.6832
  -4.2449  -0.9088   2.7887   2.7501   2.4500  -3.4331  -4.2555   3.0776   0.1232   1.8576
  -1.0000        0        0        0        0        0        0        0        0        0
        0  -1.0000        0        0        0        0        0        0        0        0
        0        0  -1.0000        0        0        0        0        0        0        0
        0        0        0  -1.0000        0        0        0        0        0        0
        0        0        0        0  -1.0000        0        0        0        0        0
        0        0        0        0        0  -1.0000        0        0        0        0
        0        0        0        0        0        0  -1.0000        0        0        0
        0        0        0        0        0        0        0  -1.0000        0        0
        0        0        0        0        0        0        0        0  -1.0000        0
        0        0        0        0        0        0        0        0        0  -1.0000
>b (rhs) data
    2.0839
  -48.3385
  -15.4859
   22.1600
   44.5644
         0
         0
         0
         0
         0
         0
         0
         0
         0
         0
>c (costs vector) data
  -3.0639
   2.3219
   1.5882
   1.7851
  -0.1959
  -3.6044
   0.6011
   2.1271
   4.2201
  -3.1972
>Status flag:
UNBOUNDED