# Randomly generated test case
# Case number: 16; Generated: Wed Dec 31 19:00:00 1969

# Parameters: n=10, m=20, a=10,b=100
>epsilon -- precision parameter
0.01
>A matrix data
  -4.8456  -4.2056  -2.1299  -2.7870   4.8219  -1.4103  -0.8966  -1.6592  -2.0143   3.0730
  -4.5244   1.3251  -0.2255   2.3190  -4.5728   1.1126  -1.4768  -2.1862   1.5565   2.1033
   0.1900   3.1146   2.0733   2.0053  -3.3175  -1.2981   4.5429  -2.6158  -0.0746   0.3559
  -0.3685   3.4088  -0.7122   2.9324   0.6251  -1.0584   1.2463   1.8845   0.9312  -3.1527
  -1.4581   2.0064   0.9774   0.0700   1.8910  -2.0396  -2.3490   2.3334  -2.1391  -0.1370
  -4.1246  -4.8105  -0.0727  -4.2071   4.8029   2.4933   0.2689  -0.6287  -2.5463  -2.0908
  -3.3957   2.5024  -4.8036  -3.5355  -3.6617  -3.6356   1.6662  -4.1250   0.9736   2.0810
   2.2298  -2.4608  -1.7594   1.9608  -3.2413  -4.9915   2.3361  -3.2425   4.6784  -4.3785
  -4.3949  -1.4985  -0.6476  -3.0642   4.2478  -1.8583  -2.8389  -3.5249   3.0328  -1.8058
  -0.5170   3.7833   1.8003  -3.2133   1.4609   2.4702   3.1462   1.0712   0.2241   3.4193
  -1.0000        0        0        0        0        0        0        0        0        0
        0  -1.0000        0        0        0        0        0        0        0        0
        0        0  -1.0000        0        0        0        0        0        0        0
        0        0        0  -1.0000        0        0        0        0        0        0
        0        0        0        0  -1.0000        0        0        0        0        0
        0        0        0        0        0  -1.0000        0        0        0        0
        0        0        0        0        0        0  -1.0000        0        0        0
        0        0        0        0        0        0        0  -1.0000        0        0
        0        0        0        0        0        0        0        0  -1.0000        0
        0        0        0        0        0        0        0        0        0  -1.0000
>b (rhs) data
   -9.5044
   38.9264
   38.7986
  -32.0027
  -28.8347
  -43.6190
   40.3271
   -0.3288
   -3.2818
  -48.1370
         0
         0
         0
         0
         0
         0
         0
         0
         0
         0
>c (costs vector) data
   3.7309
  -2.5386
  -4.9978
   4.3451
   2.6974
   4.6281
   2.4339
  -1.9874
  -2.8330
   1.9936
>x -- known optimal solution
   4.5836e+02
            0
            0
   1.4287e+02
            0
   2.5863e+02
            0
            0
            0
   2.6457e+00

# Optimal objective: 3533.11
