# Randomly generated test case
# Case number: 0; Generated: Fri Aug  3 09:20:32 4461562

# Parameters: n=10, m=15, a=10,b=100
>epsilon -- precision parameter
0.01
>A matrix data
   1.9256  -4.6892  -0.8677   2.7425  -2.1933  -1.3207   1.8929  -3.3611   0.2584   0.1369
  -1.7988   0.4184  -3.1455  -0.3611  -1.2954  -2.1783   2.3447   1.9026   4.1248   2.9259
  -4.4250  -3.2300   0.1327  -2.2704   0.1112  -4.3554  -4.9214   1.5481  -2.1542  -4.8823
   0.1954  -3.7203   2.4509   4.0886   4.5375   1.6323   0.8639  -1.1768  -4.5136   2.7597
  -3.9378   0.5901   2.0219   4.6115  -0.9076  -2.7152   2.9209  -2.3149   0.0280  -2.9179
   3.8705   2.7995   3.6313   0.0309  -1.5929  -1.8447   1.2205   1.3661  -4.8043   4.6781
   3.9326  -3.5524  -3.1851   4.1408  -2.4852   2.0223   1.8744   0.0884   3.2633  -2.2775
  -4.1709   4.4548  -4.5747  -1.9215   3.7328  -4.0052   1.6758   4.6931   2.3788   2.5048
  -0.1945   1.0192   4.3035  -4.6717   3.7734   3.8411  -1.8823  -3.4012   3.4957  -4.8847
   3.1996  -0.5141   4.6355  -4.9959   2.5039  -4.1251  -1.9768   4.5635   4.6572   0.1773
  -4.2692   4.7703   1.6965  -0.1047  -0.7238   2.3038  -1.8985  -3.5116  -1.6998  -0.6329
   3.3644   3.6873   3.4722   0.2151  -1.9577  -3.3268   4.4832  -4.9588  -0.0017   3.0533
   1.6811  -4.8657  -0.3266  -0.4400  -3.0332  -3.7088  -1.7602   3.4124   4.8555  -2.4225
   1.5233  -4.8072   4.2575   2.6297   4.5755   0.6232  -1.0179  -4.1561  -2.6852  -3.0379
  -1.2692   4.4352   0.1414  -0.1381  -4.9742   3.8952  -4.5319   4.6923  -0.9061  -1.6372
>b (rhs) data
  -24.7371
   -6.6020
   19.4236
  -29.1539
  -13.8542
  -48.6369
   49.3323
  -32.8465
   36.9564
   28.6321
  -20.9183
  -16.6572
   31.3243
   30.4851
   -8.7601
>c (costs vector) data
   3.2285
  -3.7130
  -2.0750
   3.3882
  -0.0073
   1.7835
   3.1937
  -2.4041
   0.9069
   2.6863
>Status flag:
UNBOUNDED