# Randomly generated test case
# Case number: 31; Generated: Sun Nov 19 05:44:16 4461606

# Parameters: n=10, m=15, a=10,b=100
>epsilon -- precision parameter
0.01
>A matrix data
   0.6706  -1.9638   0.8481  -4.5539   2.0466  -0.0922  -4.7214  -2.8350   0.5771  -2.4570
  -2.0714  -1.0692  -1.0348   2.4250   2.4307   3.2842   2.5089   3.7684  -3.4695   4.9141
  -4.2642   2.7294   4.7972   3.2624   3.8807   0.2065  -1.1872  -1.8833   3.7234  -4.3100
  -3.8278  -3.4212  -0.6137   1.5719  -4.7928  -1.0568   3.0067   1.8869   0.6463  -0.2400
   1.4673  -0.0296  -4.8764   2.5335   0.0073  -4.9850  -2.6607   1.7312  -3.7275   4.8384
   0.8566  -3.7165  -4.1053   3.9916  -1.6582   2.1590   3.1574  -0.4382   4.6131  -0.2790
   3.3288   2.0413  -2.0286   0.4208   0.8970  -0.5376   1.6548   0.6153  -1.1735   2.6286
   3.1108  -2.9435   4.5936  -2.5840   2.0263  -0.6089   2.8369   0.2116  -0.0236  -0.7934
  -1.4407  -2.3287   1.5610   1.9435   2.4191  -0.8500  -0.5003   1.7562   4.6459  -0.7048
   4.8308  -1.0738   1.2639  -2.8704  -2.5768  -2.6290   1.5642   2.1634   4.0745  -0.6196
   2.0160   3.3716  -1.7949   2.4960   3.0190   2.3622   3.9732   4.5840  -4.2560   0.9327
   0.3054  -3.7783  -4.5563  -2.4565   1.6154  -4.1893   3.9657   1.4466   4.1034   2.8394
  -2.2882   2.6778  -3.7992  -3.4531  -4.3958   1.0053   2.1174   2.5140  -0.9774  -4.8883
   1.4572   2.4060  -2.9473  -3.8128  -0.2598  -0.1007  -0.0841   4.5406   0.4858   3.0131
  -3.7972   2.4028  -1.1412  -4.8366   1.5778  -1.6217  -0.2885  -2.3553  -3.3924   4.6023
>b (rhs) data
  -23.2595
   44.0999
   35.3517
   -0.1898
  -34.3297
   11.4565
  -37.6487
  -47.6432
   32.9859
    0.5117
   31.5028
   23.4270
   18.7756
    7.0336
  -39.8412
>c (costs vector) data
  -4.6533
  -2.5409
  -4.3459
   4.3499
   1.7208
  -1.7275
  -1.5928
   4.9206
   3.3165
   3.5684
>Status flag:
UNBOUNDED