# Randomly generated test case
# Case number: 14; Generated: Wed Dec 31 19:00:00 1969

# Parameters: n=10, m=10, a=10,b=100
>epsilon -- precision parameter
0.01
>A matrix data
  -1.8775   2.4429   1.7509   3.8083  -4.2916  -0.3383   4.5363  -3.0364   4.2187   4.8394
  -4.3170  -1.7082  -4.8406   0.5346   4.1760   0.5709  -3.3986   2.9850  -4.4429   0.5516
  -0.0321   4.9104   2.3257  -0.9074  -3.6913  -0.1410  -1.8983   1.7474   1.1577  -4.1889
  -2.0734   1.5918  -3.4044   4.7697  -2.3224   4.1835   2.6405  -0.1776   0.6004  -2.2426
   1.0431  -4.9457   2.3738  -0.2442  -0.3169   0.1288   2.3462  -2.3149   1.2617  -3.3706
   0.5479  -2.6051   4.3791  -3.3274  -1.4954  -1.4514   2.2823  -2.4362  -2.3670  -2.1905
  -4.2322  -0.1130   2.8340   1.8151  -4.9701  -4.3949  -0.6032  -1.4420   1.6229  -3.3048
  -0.7176  -3.4589   2.6234   2.7776  -1.3699   1.1549   0.0122  -0.1984  -0.3059  -2.0910
  -4.8516  -4.0447   3.5581   3.1280   3.1165   1.7288  -1.2741  -2.9990  -4.8648  -4.6646
   2.0966  -1.2864  -4.4360  -1.8926   2.4552   0.5438  -3.8398  -4.7143   4.7687   0.9565
>b (rhs) data
   11.5665
   31.0716
   -6.8601
  -45.6344
  -37.7521
   -2.4877
   48.9899
  -13.3190
   46.6732
   43.0021
>c (costs vector) data
   3.3288
   0.7211
   1.3818
  -2.2083
   3.6707
  -1.3619
  -0.1994
  -2.7932
  -0.5375
  -1.4244
>Status flag:
UNBOUNDED