# Randomly generated test case
# Case number: 26; Generated: Wed Dec 31 19:00:00 1969

# Parameters: n=10, m=10, a=10,b=100
>epsilon -- precision parameter
0.01
>A matrix data
   1.6940  -0.9907   2.3681  -3.1589  -2.2616   1.3533   3.6317  -0.6319  -2.3692  -4.8814
  -1.9916  -3.8767  -3.3957   2.0828  -1.2278  -0.0099  -0.8412   4.2382   4.2126  -3.3010
  -0.1750   4.8115   1.7936   2.0855   4.9749   3.6725   0.6439  -1.0292   4.1103   2.5955
   1.5989   1.8475   2.8710  -2.3494   4.8450  -3.6661  -3.1055   3.5992   4.1353   0.5864
   2.6880   1.0649  -3.5546  -3.3187  -4.3759  -4.1415   2.7360  -4.6791   0.2565  -4.4009
   0.6166   1.8470  -3.9376  -0.8111  -1.6049   0.0463   4.0689  -0.9988  -0.6137  -3.9028
   1.9267  -4.1127   4.8264  -4.3020  -4.8650   2.2303  -0.0496  -0.2737   0.1544  -4.8822
   3.5694   1.4627  -0.8804   0.4714  -3.5182   3.6711  -0.4396   0.2676   0.0858  -3.5244
   2.3305  -1.9419   4.4749   3.2434   1.1920   1.3863   0.4655   1.8116  -4.8386   1.8294
  -4.5570  -0.9312  -4.2713  -2.9698   0.0086   1.4332  -1.3802   1.4986   2.7630  -1.7632
>b (rhs) data
   -3.2039
    7.9572
   33.0954
   26.1907
  -47.9673
   26.5131
   21.9632
   -0.6876
   33.5426
   32.9780
>c (costs vector) data
  -4.3012
   1.1201
   1.8583
  -3.9218
   0.6812
  -0.9575
  -0.6369
  -4.2977
   2.5473
  -0.7347
>Status flag:
UNBOUNDED