# Randomly generated test case
# Case number: 10; Generated: Wed Dec 31 19:00:00 1969

# Parameters: n=10, m=25, a=10,b=100
>epsilon -- precision parameter
0.01
>A matrix data
   2.9285   0.1424  -1.7435   3.3905  -1.4761   2.2137  -0.1328  -2.7267  -3.0301  -4.7231
  -4.3786   4.1520  -2.6026   2.2734   0.4522  -2.3848   4.5259   0.4596  -3.7678  -0.7007
  -3.3879  -4.6244   1.4638   1.8106  -3.9924  -0.3594   2.7113   0.2645  -0.2647  -4.5215
  -3.4670   2.1430  -2.6023   0.0108   1.8834   1.1897   1.4123  -4.2496  -0.8646  -0.4793
   3.8398  -1.1301   1.8280   4.3851   3.3358   0.8834   0.6385   3.7488   2.6022  -1.7274
  -0.5208   1.1624   3.0852   4.5332   4.6626  -0.9873   1.9934  -2.3206   1.0720   2.5557
   3.8612   2.1417   0.5282  -0.3322  -0.9050   2.0118   4.9155  -4.6756  -1.9448  -1.7941
  -0.6330   0.6805  -0.0398   2.4814  -3.6111  -4.5927  -2.6062  -2.9975  -1.3050  -4.4681
  -4.3423   0.5996   0.7105  -3.9973   2.1660  -0.2764  -0.5418  -3.5540  -4.1692   0.7364
   4.6077  -0.5564   2.1546  -1.6754  -4.8154  -1.7468  -1.8611  -1.2080   1.7147   1.9706
  -0.1332   1.6906   2.2435  -3.1110  -0.8924   2.9567  -4.0674   2.4862  -4.6832  -3.2089
  -1.8476  -1.0385  -1.8167  -1.1593   3.2026  -3.2661   3.5327   2.1397  -1.4414  -2.0695
   2.5640   4.7199   4.7603   4.8607  -3.2223   2.9319   4.7294   4.4630   1.2038  -1.7048
  -1.8736  -4.5648   1.7572  -3.1097  -4.2165  -0.3710  -2.2539  -0.8260  -0.9459  -1.4911
   1.8737   3.6478  -1.8769   2.1579   3.5230   0.8183  -3.2511  -3.9420   2.4662   0.7777
  -1.0000        0        0        0        0        0        0        0        0        0
        0  -1.0000        0        0        0        0        0        0        0        0
        0        0  -1.0000        0        0        0        0        0        0        0
        0        0        0  -1.0000        0        0        0        0        0        0
        0        0        0        0  -1.0000        0        0        0        0        0
        0        0        0        0        0  -1.0000        0        0        0        0
        0        0        0        0        0        0  -1.0000        0        0        0
        0        0        0        0        0        0        0  -1.0000        0        0
        0        0        0        0        0        0        0        0  -1.0000        0
        0        0        0        0        0        0        0        0        0  -1.0000
>b (rhs) data
   -5.1005
   13.2300
    9.3773
   -1.5376
  -14.0827
   17.9277
   15.1651
  -45.7390
    4.8027
    1.0841
   44.7501
    7.5260
   17.7361
    9.9209
   33.4543
         0
         0
         0
         0
         0
         0
         0
         0
         0
         0
>c (costs vector) data
  -4.9877
   0.3224
  -3.0504
  -4.2376
   3.3645
  -4.7704
  -0.4495
   3.3754
  -2.3135
   4.3337
>Status flag:
INFEASIBLE