# Randomly generated test case
# Case number: 1; Generated: Wed Dec 31 19:00:00 1969

# Parameters: n=10, m=15, a=10,b=100
>epsilon -- precision parameter
0.01
>A matrix data
  -0.3603  -4.5847  -4.9699   0.3837   2.4786   0.0442  -2.5935   4.9870  -2.0379  -4.7994
  -0.7583  -3.2842   4.1597  -4.5921   1.2317   1.3364  -2.0513   3.3671  -2.1452   4.4896
   2.9471   1.9767  -1.5119   1.0615   0.3882   0.9092  -2.5331   1.0329  -3.5544   0.5063
  -4.8899  -1.8068  -3.3621   2.9322   1.2274  -0.4271   3.9965   2.7234   4.3810  -2.5539
  -4.6749   4.7598   1.4548  -2.4548   4.6093   0.3409   3.5932   2.1570   2.7011  -2.5883
  -1.0000        0        0        0        0        0        0        0        0        0
        0  -1.0000        0        0        0        0        0        0        0        0
        0        0  -1.0000        0        0        0        0        0        0        0
        0        0        0  -1.0000        0        0        0        0        0        0
        0        0        0        0  -1.0000        0        0        0        0        0
        0        0        0        0        0  -1.0000        0        0        0        0
        0        0        0        0        0        0  -1.0000        0        0        0
        0        0        0        0        0        0        0  -1.0000        0        0
        0        0        0        0        0        0        0        0  -1.0000        0
        0        0        0        0        0        0        0        0        0  -1.0000
>b (rhs) data
  -11.6619
   29.8463
   44.7893
  -19.4039
  -23.0058
         0
         0
         0
         0
         0
         0
         0
         0
         0
         0
>c (costs vector) data
  -2.0012
   4.7349
  -3.7941
   0.8179
  -0.6891
   4.6226
   2.6720
   3.4275
   1.0967
   0.8835
>Status flag:
UNBOUNDED