# Randomly generated test case
# Case number: 8; Generated: Wed Dec 31 19:00:00 1969

# Parameters: n=10, m=15, a=10,b=100
>epsilon -- precision parameter
0.01
>A matrix data
   4.6973   3.5388  -2.3807  -2.4145  -0.7140  -1.8060  -2.4384   4.5115   1.0202   3.6089
   2.6495  -0.0012   3.5331   3.3309  -0.8087   0.2849   0.2878   0.4483   0.2519  -3.7973
  -2.3154  -2.5110   2.7457  -4.4302   0.3317  -4.4567  -2.6793   3.5364  -2.1748  -2.7732
  -3.7458  -2.4649  -1.8137   2.2149   2.5861  -0.1011  -3.2044  -2.4444  -3.2530  -0.2689
  -2.8012   2.2223  -2.1852  -3.2768  -0.1878  -2.8158  -2.8035   4.9962  -4.3634  -0.0980
  -1.0000        0        0        0        0        0        0        0        0        0
        0  -1.0000        0        0        0        0        0        0        0        0
        0        0  -1.0000        0        0        0        0        0        0        0
        0        0        0  -1.0000        0        0        0        0        0        0
        0        0        0        0  -1.0000        0        0        0        0        0
        0        0        0        0        0  -1.0000        0        0        0        0
        0        0        0        0        0        0  -1.0000        0        0        0
        0        0        0        0        0        0        0  -1.0000        0        0
        0        0        0        0        0        0        0        0  -1.0000        0
        0        0        0        0        0        0        0        0        0  -1.0000
>b (rhs) data
  -17.5475
    9.8601
   -3.9470
  -31.4672
   49.7029
         0
         0
         0
         0
         0
         0
         0
         0
         0
         0
>c (costs vector) data
   3.0274
  -1.3868
  -1.9719
   0.0803
   0.3322
  -4.8778
   1.4745
   4.3529
   4.4625
  -0.3393
>Status flag:
UNBOUNDED