# Randomly generated test case
# Case number: 41; Generated: Wed Dec 31 19:00:00 1969

# Parameters: n=10, m=20, a=10,b=100
>epsilon -- precision parameter
0.01
>A matrix data
   3.0925   2.3089   4.5154   0.5912   3.5777   2.2038   2.4125   4.6792  -0.3124   0.2667
   2.1433  -4.7948   0.7084   2.0440   0.8322  -3.4987   2.5754   3.7186  -2.5631   2.9677
   2.5570   3.1397   3.0393   0.9671   4.8900  -0.2183  -4.0063  -4.5399  -4.5805  -1.7040
   1.4286  -0.1745  -3.5639  -4.8120  -0.3717   1.9806   0.3007  -1.3499  -3.9304   0.3711
  -4.0377  -1.1250   2.0197  -2.1381   0.5598   3.0401   3.7139  -0.2650   4.7898  -3.0293
  -2.5933   4.0166   1.2630   0.9610   1.7860  -1.7361  -4.0133   0.1438  -2.2388  -4.8115
  -1.5501   2.8802  -2.7996  -1.8226   4.2737   2.0316   3.4821   4.0732  -3.9735   2.8121
   4.6653   4.5357   0.2073  -4.4343  -4.5662  -1.7904  -2.7083   0.6334   1.4950   3.8183
  -4.4998  -1.8194   2.6438   0.7564   3.2585   4.4937   3.7002   1.3338  -2.8453   3.9292
   1.3155   0.0446   3.1151  -2.9520   1.4515   4.9767  -2.8689   3.8781  -1.0182   0.5830
  -1.0000        0        0        0        0        0        0        0        0        0
        0  -1.0000        0        0        0        0        0        0        0        0
        0        0  -1.0000        0        0        0        0        0        0        0
        0        0        0  -1.0000        0        0        0        0        0        0
        0        0        0        0  -1.0000        0        0        0        0        0
        0        0        0        0        0  -1.0000        0        0        0        0
        0        0        0        0        0        0  -1.0000        0        0        0
        0        0        0        0        0        0        0  -1.0000        0        0
        0        0        0        0        0        0        0        0  -1.0000        0
        0        0        0        0        0        0        0        0        0  -1.0000
>b (rhs) data
  -39.1981
  -39.6162
    8.7736
   31.1434
   13.4768
  -36.6479
  -34.2519
    0.9244
    0.3449
   -4.7366
         0
         0
         0
         0
         0
         0
         0
         0
         0
         0
>c (costs vector) data
   4.6124
  -2.1880
  -4.8754
   4.3540
  -0.7681
  -2.1589
   0.6484
   1.3252
   4.8357
  -1.1921
>Status flag:
INFEASIBLE