# Randomly generated test case
# Case number: 13; Generated: Wed Dec 31 19:00:00 1969

# Parameters: n=10, m=10, a=10,b=100
>epsilon -- precision parameter
0.01
>A matrix data
   2.6517  -3.5027  -1.8564   3.3251   3.2044  -2.9166  -3.7052  -4.9141  -2.6230   2.4510
   0.4597  -2.2382   4.9517   3.7740   4.4266  -2.4329   0.0133   3.4741  -3.0143  -2.5836
  -3.6735   0.5749  -4.4311  -2.9578   2.7757   1.4137   2.8949  -1.8428   4.3404   2.5438
  -4.2716  -4.5948  -2.0536   4.3634  -0.7768  -1.4410  -1.1355   0.7971   1.3402   2.1709
  -3.7720  -0.7580   3.5003  -2.7317   0.3851   1.4002   3.0151  -1.6127   2.2876  -0.1778
  -4.8053   4.4715  -0.7564  -4.5513  -4.2533  -1.7237  -4.6448   2.6953  -4.7352  -2.8050
  -3.3194  -1.3404  -1.6797  -2.1999   1.0119  -1.9008   3.4634  -2.4412  -3.6952   0.1802
   2.1130   4.9616  -4.3383  -0.8556  -3.4373  -1.3763  -4.0245   1.0521  -0.7019  -2.1084
  -4.6962   2.0733  -1.8426  -0.6693  -1.2596   2.0740  -0.9320  -1.5446  -2.9849  -0.5615
   2.2017   4.6336   2.7949   4.7270   4.0681   3.1864  -3.6267   2.6995  -4.8440  -0.1555
>b (rhs) data
    3.5531
  -46.1909
   32.5752
   -9.2369
   44.2153
   -9.3842
  -47.6919
   30.3816
   -2.7515
  -18.4331
>c (costs vector) data
   0.2671
  -2.9635
   2.8640
   3.0028
  -4.0000
   1.5383
  -3.5955
  -1.7945
  -0.0922
  -4.4017
>Status flag:
UNBOUNDED