# Randomly generated test case
# Case number: 9; Generated: Wed Dec 31 19:00:00 1969

# Parameters: n=10, m=20, a=10,b=100
>epsilon -- precision parameter
0.01
>A matrix data
  -3.2604   0.8090   2.4408   3.3713   2.3914  -1.3355  -2.7400  -1.7804  -0.2463   0.7273
   3.7744   2.5065  -3.0443   4.6987  -3.8023   0.0338   3.2240  -3.4701   4.9625   0.2740
  -1.5195   3.3917  -3.3316  -3.0690  -0.3284  -3.6069   4.0679  -2.8124   0.0011  -2.6045
  -2.4844   3.6638   0.6533  -0.2809  -3.2623  -0.9744  -4.7578   0.6195  -4.2696   4.2220
  -2.7459  -0.0497   0.0159   2.6838   2.4456  -2.4542   3.9931   2.0143  -4.9820  -0.4224
  -0.0034   1.9648   3.7763   2.9351   2.6473  -0.7520  -1.8871   3.8753  -0.0415  -3.2472
   0.3727  -4.8278   0.8092   0.8010   3.3168   0.5476   3.8581   1.9045   2.9022   0.9069
   4.8462   3.2214  -3.8478  -4.6145   4.7074  -4.3985  -2.5063  -3.4221  -2.8633  -4.2141
   3.7022  -0.5592  -2.4574   3.3952  -0.1104   3.9528   0.0215   1.6092   3.4308   1.3209
  -1.7732   0.1065  -0.9943  -4.4799  -0.4440   4.9344   0.3920   0.9225   3.9597  -1.6005
  -1.0000        0        0        0        0        0        0        0        0        0
        0  -1.0000        0        0        0        0        0        0        0        0
        0        0  -1.0000        0        0        0        0        0        0        0
        0        0        0  -1.0000        0        0        0        0        0        0
        0        0        0        0  -1.0000        0        0        0        0        0
        0        0        0        0        0  -1.0000        0        0        0        0
        0        0        0        0        0        0  -1.0000        0        0        0
        0        0        0        0        0        0        0  -1.0000        0        0
        0        0        0        0        0        0        0        0  -1.0000        0
        0        0        0        0        0        0        0        0        0  -1.0000
>b (rhs) data
   44.4622
   36.3462
   -4.5554
   49.1517
  -12.4875
  -34.7107
  -43.9355
  -14.8766
   36.4063
  -46.7514
         0
         0
         0
         0
         0
         0
         0
         0
         0
         0
>c (costs vector) data
   3.0743
   1.2979
   2.0146
  -3.5753
   4.2634
  -2.2425
   4.3826
  -2.5829
   0.0128
   3.5573
>Status flag:
INFEASIBLE