# Randomly generated test case
# Case number: 8; Generated: Wed Dec 31 19:00:00 1969

# Parameters: n=10, m=10, a=10,b=100
>epsilon -- precision parameter
0.01
>A matrix data
  -1.1677  -0.5213  -1.0801  -0.4154   0.5900  -1.8680  -0.9438   0.1201   4.2918  -1.0286
   0.9667   2.0369   2.3027   2.9473   1.8318  -3.9245   3.8494   2.7303  -0.6415  -0.2845
   3.8436  -1.9539  -2.7672   2.1352   1.9035  -1.6756   1.4657   3.1665  -0.8230   3.6632
   3.1595   1.4579   0.8731   0.1919   0.0291  -1.4621   4.6225   3.3745  -0.3506  -1.3196
  -1.3730   0.0100  -2.0079   4.2089  -4.0326  -4.3878  -3.4003  -4.6406  -3.7081   0.5982
   4.1037  -2.5521   1.5861   3.4429  -4.9715   2.1748  -3.9365   1.1537  -2.7987   4.9363
  -2.0675   4.9629  -3.4964  -3.6649   4.7525   0.5325   4.6021  -3.2487   3.3458   4.1040
   2.6342   0.8992  -0.3697  -3.1061  -0.7730   0.8076   0.0260   0.7214   1.0188   2.7254
   1.5273  -0.5924   4.7278   4.3472   2.9252   4.2034  -4.4449  -1.3544   1.6016  -1.9018
   2.0741   4.5921  -1.0626  -1.6992  -1.4914  -2.4826   2.4295  -0.5216   3.5588   4.3102
>b (rhs) data
  -49.7025
    9.5845
   28.6324
  -13.1296
  -48.0231
   13.3467
   40.1380
   38.3931
   33.4091
  -20.7685
>c (costs vector) data
  -3.1447
  -0.1816
   4.4777
   4.1132
  -3.0382
   0.9488
   1.7957
  -4.4881
  -3.6540
  -2.3430
>Status flag:
UNBOUNDED