# Randomly generated test case
# Case number: 33; Generated: Wed Dec 31 19:00:00 1969

# Parameters: n=10, m=15, a=10,b=100
>epsilon -- precision parameter
0.01
>A matrix data
  -1.0556  -1.4474  -3.4652  -0.3001  -2.5995  -0.9782   0.8604  -3.0711   1.9325  -3.4670
   3.5840  -4.0408   0.6041  -4.8836  -0.6571   4.8337   0.5675   0.6202  -0.6075   1.7687
  -2.1448  -3.8459   2.0419   1.7268  -1.9573  -1.3245  -0.7482  -4.5320   0.0436  -2.8077
   4.1275   2.8396  -1.3583   4.3176   2.0003  -2.7760  -2.7065   3.1722   4.1653  -1.6202
  -1.7443   4.8884   1.9376  -4.4606  -1.2751   1.3419  -4.8914  -2.9993  -2.2254   3.9566
  -3.3898  -3.3451   3.8739  -1.9253  -0.6075   3.7449   0.8814   1.3406  -0.4900  -2.1238
   0.7248  -1.7834   2.1133   1.9752   2.5302   2.7926   1.1228  -0.1881   2.4920  -1.6606
   3.8412  -3.0412   2.5636  -2.7911  -4.9316  -4.2402   1.9898  -0.5272   4.8205   4.8931
  -1.0224   4.9215   3.1171   0.7885   3.3144  -0.0394  -2.2361   0.4043   0.3421  -2.7890
  -2.3752   2.3467  -2.0225   3.5741  -0.3048  -0.7622  -3.7162  -1.3163   1.0411  -0.0430
   4.5954  -4.9425  -3.1533  -4.4010   2.0720   4.5021   3.4189  -4.2976   4.3948  -2.5403
   4.5416  -1.5521  -3.6080   2.8569  -4.2464  -2.9346   1.1856  -0.9843  -2.9584  -0.3104
  -1.2024  -4.8554  -2.2853  -0.1852  -1.2617   2.8961   2.2626  -3.8774  -4.7285   0.0635
   1.0965  -2.5079   1.1682  -0.8691  -3.7111  -1.7067   4.2394  -4.0550   3.8529   4.7661
  -2.9567   2.6996   2.1347   0.2075  -0.9737   1.9881  -0.8384  -2.6290  -4.1823   0.4858
>b (rhs) data
   39.2439
    7.5692
  -16.0590
    3.8630
  -25.3423
   25.2927
    2.2828
   31.8723
    2.0482
   -8.2268
  -23.7729
   10.9520
   25.5253
   11.0230
   27.7507
>c (costs vector) data
   1.6858
   1.6311
  -4.0458
   4.5424
   0.8432
  -0.2671
  -3.5960
  -0.6028
  -1.9475
   1.4781
>Status flag:
UNBOUNDED