# Randomly generated test case
# Case number: 15; Generated: Sun Nov 19 05:44:16 4461606

# Parameters: n=10, m=15, a=10,b=100
>epsilon -- precision parameter
0.01
>A matrix data
   2.7783   4.9726   0.2003   2.9547   1.2959   1.6751   4.2172  -3.5794   1.1192  -3.3049
  -3.8298   1.9621   1.1574  -2.9000  -1.1965   1.3375  -2.9697  -3.9327  -1.1883  -3.6720
  -2.6516   2.1471   3.7111  -0.1040  -4.7426   0.2080  -3.7255  -2.4760  -2.5891   0.2945
   0.1580  -0.3121  -1.2548  -4.6193  -0.6306  -4.8781  -1.1291  -3.3604  -1.0162  -2.9096
  -0.8354  -2.5489  -2.0074  -4.9313  -3.1480  -4.1504   0.4857  -0.3489   3.8498  -2.0551
  -3.2872   0.1473   3.6558  -0.6571   2.4410  -4.9973   4.9634   2.1990  -2.5306  -0.8375
  -1.7150  -4.3455   1.5011   4.5686  -0.4306  -4.1384   2.9034   2.4550  -4.9913   0.7240
  -0.7779  -2.2449   4.2695   4.3169  -0.4355   1.3347  -0.7330   0.6863  -4.0493  -4.1498
  -4.9133  -1.5325  -1.2748  -3.3039   3.9316  -1.8066   2.3378  -0.4504  -1.7039   3.2047
   2.5078  -2.3107   4.1867   2.7174  -0.0407   4.9176   2.5486   1.3468  -3.2291   0.1510
  -4.4920   2.3509  -3.5235   1.5481   2.9174  -3.0575   0.4074   2.5038  -3.8307  -4.0593
   0.2827  -1.1116   0.5492   0.1849   0.2811  -1.1600  -3.5826  -1.7008  -2.7701   4.4557
   3.5923  -3.3783   0.6073   3.4656   1.7745  -3.8824   3.3139  -4.1853  -3.9415   1.9469
  -0.9271   1.3592   2.4031  -4.3014   4.1986   1.1785  -2.1468  -3.3948   1.0979  -2.7120
  -3.3694  -4.1205  -2.9732   2.0285  -3.4715   4.9243  -0.7073   0.5124   4.9688   0.9562
>b (rhs) data
   40.0008
   30.7905
   -1.1041
   18.9723
   -8.3838
    0.5675
  -25.2072
   11.3936
  -33.0822
   24.2383
  -33.7527
  -17.9874
  -17.0253
   28.8324
  -28.6524
>c (costs vector) data
   2.9843
  -0.5596
   3.6614
  -1.0544
   0.2731
   2.0302
   3.3390
  -3.9768
   3.4063
   0.9502
>Status flag:
UNBOUNDED