# Randomly generated test case
# Case number: 12; Generated: Wed Dec 31 19:00:00 1969

# Parameters: n=10, m=25, a=10,b=100
>epsilon -- precision parameter
0.01
>A matrix data
  -2.5026  -2.3245  -2.8931   2.6450   0.7910  -3.5446   2.8235   0.9257   1.9987  -4.4189
  -4.9647  -2.9451   1.0066   1.8914  -1.3164   3.0551   0.8851   4.5895   3.8753   1.6060
   4.2663  -1.7681  -1.8583  -1.9735   4.1839  -1.8008   0.3361  -1.4880   4.1218  -1.3051
  -4.4854  -0.3721   4.4804  -3.3328   1.3290  -3.4036  -4.1639  -4.2276  -1.0040   2.9905
   2.5664   2.9170  -1.0460  -0.7340   4.8374   3.9681   1.3598  -3.8263  -3.2684   2.6737
   3.4997   3.1671  -4.3762  -3.2684  -1.0372   4.6993  -2.9933   1.2893   0.8284   3.5852
  -0.5415   2.1357   1.8958   2.6715  -3.8345  -2.8317  -1.9327   4.7461   0.4137  -3.6635
  -3.7365  -1.9769  -1.6253   0.4879   2.7412   1.1235   1.3594  -1.5534   0.0796  -2.5185
   1.7374  -3.5764  -0.0126   4.4781   1.9646  -1.1269  -0.9694   4.5463  -1.9823   1.0943
   1.5533   0.7519   3.6551  -1.9058  -1.0055  -4.7771  -4.7323  -0.2111   4.3354   1.4639
  -4.4032  -4.5217   3.1130  -1.6828  -1.0130  -3.8358   4.2403  -3.7554   0.1695   2.0213
   1.8617  -3.8419   4.5324   2.0088   2.0344   4.3099   2.3223  -4.1598  -1.2823  -1.4598
  -3.4456  -0.7909  -3.7844  -2.2151  -2.2533  -0.6291  -0.1385   0.3512   3.6725  -2.4560
   0.4344   3.5434  -2.7528   1.8479  -4.5989   3.2105   3.0491   2.7471  -0.0350   4.3044
  -3.7378  -1.0699  -0.7900   1.0580  -0.7337   1.7176   4.7194  -4.0855  -2.7263  -4.1709
  -1.0000        0        0        0        0        0        0        0        0        0
        0  -1.0000        0        0        0        0        0        0        0        0
        0        0  -1.0000        0        0        0        0        0        0        0
        0        0        0  -1.0000        0        0        0        0        0        0
        0        0        0        0  -1.0000        0        0        0        0        0
        0        0        0        0        0  -1.0000        0        0        0        0
        0        0        0        0        0        0  -1.0000        0        0        0
        0        0        0        0        0        0        0  -1.0000        0        0
        0        0        0        0        0        0        0        0  -1.0000        0
        0        0        0        0        0        0        0        0        0  -1.0000
>b (rhs) data
  -20.9821
  -29.9633
    7.1569
    2.9321
   37.0836
  -20.7826
    9.0095
   44.7985
   17.7524
   18.1656
   19.8127
  -32.2732
  -36.7909
  -27.7397
   -8.8487
         0
         0
         0
         0
         0
         0
         0
         0
         0
         0
>c (costs vector) data
  -1.6114
   1.0115
   3.7530
   3.5838
   2.2738
   1.8111
   3.3008
   1.2888
   3.8831
   2.9309
>Status flag:
INFEASIBLE