# Randomly generated test case
# Case number: 1; Generated: Wed Dec 31 19:00:00 1969

# Parameters: n=10, m=15, a=10,b=100
>epsilon -- precision parameter
0.01
>A matrix data
   3.9972  -4.6492   1.2152   1.0738  -0.4327   3.8599  -4.6104  -3.3011   2.8612   2.1013
   1.0755  -4.2793   3.0900   3.1040   2.6829   2.8175   0.5446  -4.1173  -0.4846   1.1097
   2.2263  -0.8078  -4.8202   3.6889  -4.2835   2.0028  -4.0948  -3.0255  -0.6841   3.1923
   2.3003   3.1943   1.5420  -1.6776   4.8025  -1.7249  -1.6071   3.0845  -2.7486  -3.3294
  -2.9731   4.9604   1.0274   1.3903   0.5484  -2.3956  -3.8864   4.1952  -0.9195   4.9912
  -3.6826  -1.2003  -1.3088   4.9118  -0.3815   2.2695  -2.5601   1.8491   0.9508   4.4549
   1.9601  -0.3596   3.5136  -3.5396  -4.6196   1.0009   3.3684   4.7784   4.9116   4.0599
  -1.7073   2.0883  -1.0175  -4.9004  -0.7400   4.9669   0.8058   1.5882   4.0371  -2.5418
  -0.1048   1.5808  -2.2703   0.7612   2.0238  -4.3285  -2.1841   4.4183  -1.3646   2.9889
   1.9629  -3.2023   0.2642   4.9464   4.0374   2.7816  -1.5930  -3.9226   2.3532  -4.8472
  -1.9459   2.8826  -0.8472   3.6959  -2.7194  -4.6758   2.7664  -0.5982   3.6905  -4.8518
  -4.6779  -2.2545   2.0059  -0.1009   2.3227  -4.6921  -1.1945   2.0446  -1.6912  -1.4814
   0.2366   3.1538   0.9586  -4.2023  -1.9020  -2.1633  -1.1386   3.4182   3.4252  -4.8206
  -2.1569  -4.0437   1.9845   0.2905   3.9022  -1.1179  -1.1911  -1.9724   0.0293   0.9907
  -2.9918   4.6507   0.9639   4.6154  -2.4256   3.1200   0.0199  -2.6208   1.2807   2.1635
>b (rhs) data
  -20.7800
  -34.1127
  -42.7337
  -37.2323
   -1.9301
  -42.0065
  -26.3307
  -35.5176
   17.4296
    8.0433
  -19.0313
    7.1239
   48.8675
    8.0782
  -28.5903
>c (costs vector) data
  -3.9932
   2.8189
  -1.2776
   2.7560
   4.9750
  -2.5321
   1.1204
  -1.9251
  -4.9270
   1.9450
>Status flag:
UNBOUNDED