# Randomly generated test case
# Case number: 7; Generated: Wed Dec 31 19:00:00 1969

# Parameters: n=10, m=25, a=10,b=100
>epsilon -- precision parameter
0.01
>A matrix data
  -2.6803  -1.3215  -3.4041   4.3810  -0.0534   1.4473  -4.1081   3.0919   3.5659   4.3453
   3.7027   4.5737  -0.1651   2.5588   2.4846   4.5317   4.3882   3.7109  -1.0529   0.3417
  -2.1270   0.1019  -0.3140   2.8785   1.0034  -4.0985  -2.3903  -4.9421  -0.8769   4.0694
   2.4770   2.7386   1.3951   0.5759  -4.2289   0.3599   4.6429  -2.4618  -2.3116   2.5105
   0.8651   1.9016  -2.4617  -3.9987  -4.5181  -1.7601   1.5623  -4.6644   0.4506  -4.3057
   2.2742  -4.4323  -0.1050   3.7599  -3.0785  -3.5132  -3.9161   4.7536   2.4221   3.9865
   2.1648   0.7578   2.0260   3.4978  -0.0241   0.3581   4.8509  -2.5968  -1.5014  -1.6893
   4.0583  -1.2369  -0.3261  -2.8411   2.9395  -1.7306   2.7299  -4.2532  -2.1703  -3.2314
   2.3901   0.4145  -4.2800   2.6272   2.5472  -0.6813   1.2610   0.4141  -3.8697  -0.9775
  -3.4837   2.2807   3.0272  -4.2610  -0.4015  -0.4793  -3.1647  -1.2294  -1.1008   4.4464
   1.4999   1.9336  -3.7975   4.2117  -3.0184  -4.8304   3.7141   4.9594  -2.0413   2.8481
   4.5860   0.2161  -4.2943  -2.5783   4.5630  -1.4129  -3.7766  -4.1607   0.2434   4.4554
  -0.8537  -1.4926  -1.3432  -2.9492   3.8031   3.4963  -2.0988   1.7400   0.1669  -0.6834
   1.6804   4.1038   1.7503   4.0134   3.3451   0.9640  -4.8883  -4.6647  -0.3685   0.0809
  -0.3912   0.3892  -4.7655   4.9851   4.1122   3.3447   1.3362  -2.9810  -4.1972   0.0879
  -1.0000        0        0        0        0        0        0        0        0        0
        0  -1.0000        0        0        0        0        0        0        0        0
        0        0  -1.0000        0        0        0        0        0        0        0
        0        0        0  -1.0000        0        0        0        0        0        0
        0        0        0        0  -1.0000        0        0        0        0        0
        0        0        0        0        0  -1.0000        0        0        0        0
        0        0        0        0        0        0  -1.0000        0        0        0
        0        0        0        0        0        0        0  -1.0000        0        0
        0        0        0        0        0        0        0        0  -1.0000        0
        0        0        0        0        0        0        0        0        0  -1.0000
>b (rhs) data
  -33.2421
   42.1207
    5.2101
  -15.5086
    4.2612
  -43.8648
  -33.2713
  -48.3841
   26.5341
   21.2438
    1.5095
  -22.4154
  -39.9483
   11.1369
  -25.8738
         0
         0
         0
         0
         0
         0
         0
         0
         0
         0
>c (costs vector) data
   1.7467
  -1.3529
   0.0194
   1.2719
   4.0628
  -4.3512
   2.6529
   2.3157
   1.8960
   0.0427
>Status flag:
INFEASIBLE