# Randomly generated test case
# Case number: 5; Generated: Wed Dec 31 19:00:00 1969

# Parameters: n=10, m=15, a=10,b=100
>epsilon -- precision parameter
0.01
>A matrix data
  -0.7502  -0.3264   3.8653  -3.2926  -2.7981  -4.0787   2.3177  -1.7591   4.4916   1.4400
   4.7155   3.0465  -2.2994  -3.3117  -1.1795   1.1051  -3.5677  -1.0286  -1.6951  -4.5477
   3.9612   4.8863  -3.8241   3.5911  -3.3607  -2.4890   3.9915   1.8741   0.9037   4.8523
   0.0504  -4.6512  -3.8771  -4.0175   0.6402  -0.9101  -3.3271   1.4612  -1.8734   3.1946
  -0.1768   0.1131  -3.5307   1.1071   4.7213   3.6395   1.2516   2.8790   0.2416  -1.8692
  -1.0000        0        0        0        0        0        0        0        0        0
        0  -1.0000        0        0        0        0        0        0        0        0
        0        0  -1.0000        0        0        0        0        0        0        0
        0        0        0  -1.0000        0        0        0        0        0        0
        0        0        0        0  -1.0000        0        0        0        0        0
        0        0        0        0        0  -1.0000        0        0        0        0
        0        0        0        0        0        0  -1.0000        0        0        0
        0        0        0        0        0        0        0  -1.0000        0        0
        0        0        0        0        0        0        0        0  -1.0000        0
        0        0        0        0        0        0        0        0        0  -1.0000
>b (rhs) data
   21.5451
   25.2265
  -27.5802
  -22.5029
   31.2734
         0
         0
         0
         0
         0
         0
         0
         0
         0
         0
>c (costs vector) data
  -1.7949
   1.0067
  -2.5074
  -3.2138
  -4.6595
  -0.9266
   2.6406
   1.9122
   1.7588
  -2.6792
>Status flag:
UNBOUNDED