# Randomly generated test case
# Case number: 38; Generated: Wed Dec 31 19:00:00 1969

# Parameters: n=10, m=25, a=10,b=100
>epsilon -- precision parameter
0.01
>A matrix data
  -1.7608  -0.2806   3.3904   0.6996  -1.5380  -4.4298  -1.8060   4.7857   0.7291  -2.3323
   3.1053  -4.5295   4.0869  -4.6669  -3.8505  -2.7754   4.6817   1.4869  -0.1103   2.7876
  -2.4987  -0.8613   1.4744  -3.7750   4.8033  -0.3393   3.5372  -1.5046   3.7814  -2.7302
   4.1550   0.7294   4.9412   4.0727  -2.4704   4.7820  -3.0522   1.4042  -2.6569  -3.7776
  -0.9800   3.1265  -0.2450  -2.6889   4.8902  -3.2494  -4.0095  -3.8095   1.5320  -0.4935
   1.8522  -2.9542  -1.6899  -2.6417   4.2217   2.5034  -0.1760   0.2629  -3.5776   4.3588
   2.8916   3.7773   0.8070   1.5199  -3.6388  -1.2079   4.6949  -3.2272  -1.9912   2.2732
  -3.3225   1.9785  -4.9532   0.5105  -0.6547   4.2120  -0.0919  -3.6334  -2.3837  -4.0119
  -0.8999  -2.2844   3.3643  -1.9046  -0.0825   3.1355  -0.2850  -4.9663  -3.2920  -0.5980
   2.7960   0.4181   4.8247   0.9104  -2.5084   1.4550   1.7696  -0.1793  -2.4131  -0.7199
   4.5364  -0.2144  -3.4759   4.8941  -2.1593   0.4308   4.9533  -4.2114  -0.9108  -0.8793
   2.1535  -3.0186  -1.6346   3.7704   1.0137   3.1338   0.7496   3.7853   2.1880  -2.2096
  -2.6079   0.7811   1.5033  -1.8193  -0.3130  -0.6960  -1.1538   2.9359  -1.8925   4.6410
  -2.1370   0.5119  -3.0529  -0.0809  -1.5842  -4.4144   2.3980  -2.7362  -2.2278   1.0063
   2.1967  -0.3593   4.0597   2.5797   3.6795   4.3811  -4.7275  -0.1470  -0.1750   3.8359
  -1.0000        0        0        0        0        0        0        0        0        0
        0  -1.0000        0        0        0        0        0        0        0        0
        0        0  -1.0000        0        0        0        0        0        0        0
        0        0        0  -1.0000        0        0        0        0        0        0
        0        0        0        0  -1.0000        0        0        0        0        0
        0        0        0        0        0  -1.0000        0        0        0        0
        0        0        0        0        0        0  -1.0000        0        0        0
        0        0        0        0        0        0        0  -1.0000        0        0
        0        0        0        0        0        0        0        0  -1.0000        0
        0        0        0        0        0        0        0        0        0  -1.0000
>b (rhs) data
   25.9937
  -31.2551
    5.6697
  -40.4892
   -6.7404
  -43.7351
  -30.2706
  -41.7824
   43.9656
   38.7127
   23.1478
   43.7341
   -0.7651
   -3.0866
   39.3094
         0
         0
         0
         0
         0
         0
         0
         0
         0
         0
>c (costs vector) data
  -2.2078
  -1.5044
  -2.1082
  -1.2670
  -3.1244
  -3.6173
  -1.2209
   0.6284
   3.4943
  -3.7511
>Status flag:
INFEASIBLE