# Randomly generated test case
# Case number: 38; Generated: Wed Dec 31 19:00:00 1969

# Parameters: n=10, m=15, a=10,b=100
>epsilon -- precision parameter
0.01
>A matrix data
  -1.3842  -2.0974   1.0644  -4.4940   0.4233   0.8813  -2.5539   2.4871  -0.2671  -4.8816
   3.1628   0.3593   2.0440  -0.0424  -3.4699   4.2982   1.2487  -0.9494  -3.2704  -2.6878
   2.3709   3.8139  -1.8577  -4.6136  -3.8238  -3.8367  -0.8319   2.6169   1.9613   0.7292
   3.0464  -0.5696  -4.2475  -2.7590  -1.3057  -3.5238   3.9691   0.8592  -2.3923   0.5437
   4.9180   3.2207   0.4370  -2.7196  -4.4860  -3.6444  -1.9126   1.6757  -3.1072  -4.8313
   4.6246  -2.5004   3.2593   1.2649  -2.1320   1.5729   4.6938  -3.6359   4.9116   0.6234
   0.1812   2.3703   4.7140  -4.2447  -3.6014  -4.0459  -3.0303   1.6925   4.2872  -0.7716
  -0.6179  -1.5877   0.9210   1.9799  -1.6359   0.4192   1.2063  -1.2570  -4.3957  -3.0564
   4.3756  -4.5855   3.5240   3.0000   2.2246   0.5965  -3.9969   4.5274   4.4651   3.5608
  -2.2833   4.8447   0.5310  -1.1603  -3.0852  -2.3900  -1.3997   0.5735   2.8673  -2.5723
   2.6427   3.4675   3.9812   2.2315  -0.6384  -3.7764   1.7023   4.4379  -4.2814  -3.5489
   0.8577   0.0341  -4.8388  -4.2625   3.6018  -0.5145  -4.0379  -0.7363  -0.4859   4.2923
   0.9347  -1.1299   3.4059  -1.5250  -4.8810  -1.8207  -1.1813  -1.7258  -0.8876  -2.4366
   2.6424   1.5435  -4.0742  -1.3907   4.3496   2.6054  -2.2605  -2.2085   2.9761   0.4948
  -3.3949  -2.6072   1.0612  -2.7921  -3.5207  -3.7727  -0.6104  -4.2884   3.6182   1.6781
>b (rhs) data
   40.6045
   -2.4782
   48.9771
  -26.4218
  -45.1073
  -30.2575
   44.5840
   26.0470
  -49.7832
   26.0702
  -14.1849
  -39.7199
   -2.1180
   37.5064
   46.2831
>c (costs vector) data
   3.4164
  -0.3820
  -4.4174
  -2.1342
   2.9548
  -0.2315
  -0.8113
   4.5938
  -2.4901
   1.9320
>Status flag:
UNBOUNDED