# Randomly generated test case
# Case number: 30; Generated: Wed Dec 31 19:00:00 1969

# Parameters: n=10, m=10, a=10,b=100
>epsilon -- precision parameter
0.01
>A matrix data
   1.1627  -3.6440  -0.3182  -1.0845  -2.6944   2.1266   4.1565   2.4533   2.4982   0.2560
   1.9079   1.4122   0.8468  -4.0371   3.6693   1.7799   2.9093   0.3747  -0.7379   1.7440
  -2.9273  -1.6565  -2.1972  -3.4375  -0.3502   0.8093  -4.4712  -2.5797   1.0405  -2.4652
   0.2180   2.2425  -4.9438   3.1111  -2.3491   3.7867  -1.3782  -0.4575   2.7189  -4.1392
   0.1954   2.8296  -1.9558  -2.2434   4.5359   3.8507  -0.1631   4.0450  -1.9459  -3.0277
   0.5207  -1.4187   2.8082   4.3597  -1.8356  -2.9223  -3.5438  -0.3962  -2.3674  -3.7635
  -3.3081   4.4355   0.2269   0.4110  -4.7471   3.5395   1.8083   4.4359  -4.2683  -4.5878
   4.1567  -4.8557  -0.2253   2.5911   2.7077   4.2860   1.6675   0.0312  -3.3015   0.4294
   4.0103  -4.0824   1.8033   3.7352   3.7232   4.7558   3.9509  -3.2825  -4.7138  -2.6718
   3.3752  -2.6838  -0.9941  -2.9292  -3.0090  -2.0060  -2.0452   2.6060   4.1476  -2.0553
>b (rhs) data
  -34.1133
  -22.4524
  -13.9777
    9.9751
    6.5415
  -48.1827
   26.1119
   27.7097
  -18.2491
   37.6128
>c (costs vector) data
   3.5222
  -2.3740
   0.5602
   2.8778
   3.7570
  -3.9787
  -1.6477
   3.3818
   3.2891
   4.7575
>Status flag:
UNBOUNDED