# Randomly generated test case
# Case number: 43; Generated: Wed Dec 31 19:00:00 1969

# Parameters: n=10, m=20, a=10,b=100
>epsilon -- precision parameter
0.01
>A matrix data
  -2.9296  -1.1800  -1.9725   2.5602   3.2626   0.3629  -2.2279  -4.8311   0.6076   4.6065
  -2.1574  -2.0884  -4.4844  -0.0153  -4.4836   2.7755   0.9975   3.7549  -2.0982   2.6315
   3.5354  -0.8788  -0.1616   1.9686  -2.8202  -4.2539   0.3732  -2.8731  -4.7470  -3.3246
   1.6666   1.2189   2.2693   2.7627  -2.5504   1.0367   4.0795  -3.7232   2.5920  -4.3162
  -0.3999  -2.9106   0.1467   2.8343   3.3560  -4.8037   3.7328  -1.9313   4.3624  -4.0469
  -3.7182   1.3476  -4.1645   2.0480  -3.6694  -0.2535   1.7676  -2.3315  -4.8343  -4.8790
   1.5877   2.8702   0.2676  -1.0496  -0.1461  -3.8552   3.4743   1.0252   0.2931  -1.1416
  -2.2607   0.6683   0.0666   0.1046  -2.0598  -0.1732  -4.3989   3.2762   3.1650   0.8140
  -2.0453  -1.6475  -4.0871   1.4735   2.6518   2.0050   2.0049   3.1819  -1.0212   4.2635
  -0.8302  -0.3897  -1.3547   1.4166  -0.6498  -3.9248   3.8329  -3.0773   4.2775  -1.3065
  -1.0000        0        0        0        0        0        0        0        0        0
        0  -1.0000        0        0        0        0        0        0        0        0
        0        0  -1.0000        0        0        0        0        0        0        0
        0        0        0  -1.0000        0        0        0        0        0        0
        0        0        0        0  -1.0000        0        0        0        0        0
        0        0        0        0        0  -1.0000        0        0        0        0
        0        0        0        0        0        0  -1.0000        0        0        0
        0        0        0        0        0        0        0  -1.0000        0        0
        0        0        0        0        0        0        0        0  -1.0000        0
        0        0        0        0        0        0        0        0        0  -1.0000
>b (rhs) data
   -9.8341
  -44.8520
   40.7350
   20.3985
  -27.8943
   32.4789
  -21.9811
   -8.9363
  -21.9592
  -20.1857
         0
         0
         0
         0
         0
         0
         0
         0
         0
         0
>c (costs vector) data
  -2.9843
  -2.3106
   0.3712
   0.3700
   4.7003
  -3.7637
   0.3384
   2.4255
   4.2931
   4.9588
>Status flag:
UNBOUNDED