# Randomly generated test case
# Case number: 29; Generated: Wed Dec 31 19:00:00 1969

# Parameters: n=10, m=10, a=10,b=100
>epsilon -- precision parameter
0.01
>A matrix data
  -3.9038  -0.3226  -1.8686   0.0391  -1.7916  -0.4410  -2.1140  -1.7678   3.8264   3.7076
  -4.5122   0.1876  -3.9357  -2.0601   3.1630  -4.0801  -0.6619  -2.5357   1.9404   1.6682
   4.6668   0.1227  -1.3673   1.3822  -0.7723  -1.7526  -4.1594   4.9074  -2.5040   3.7303
   4.6320   4.8974   3.6992  -4.6923  -2.6844   0.3920  -0.7737   2.0573  -1.3692   4.5601
   2.4805  -0.4494  -2.1905  -4.4304  -2.1301  -3.8299   4.7586   4.2640  -0.8621   4.3326
   0.2422  -3.2419   1.3123  -4.3897   3.7180   1.3549  -4.4806   3.9274  -1.9090  -0.2076
   3.5868   1.6941   1.0092   0.5266   3.1776  -2.7117   0.9504  -0.0364   0.8887   1.8495
  -3.0127  -0.4298   4.4708  -4.7777   0.1537   4.4972   2.8586  -4.5340   3.5673   1.0475
   0.5089  -1.2943   1.1325   1.6089   0.5161  -1.1369  -0.0845  -0.2424   3.7167  -4.7812
  -4.5947  -3.2537  -3.3543   4.8410   1.8901  -2.0179   4.1887   2.8607   3.8297   2.9077
>b (rhs) data
  -20.6389
   -7.3949
  -18.8253
   15.0536
  -48.0757
  -35.5107
  -19.2825
   14.2796
   45.9414
  -38.6476
>c (costs vector) data
  -1.9090
   1.7674
  -1.9027
  -2.7363
   2.8081
   0.5053
   2.0360
   1.4425
   0.6563
  -1.4847
>Status flag:
UNBOUNDED