# Randomly generated test case
# Case number: 24; Generated: Wed Dec 31 19:00:00 1969

# Parameters: n=10, m=15, a=10,b=100
>epsilon -- precision parameter
0.01
>A matrix data
  -4.6887  -1.9922   1.4064  -4.0432  -2.8769  -4.8810   4.1133  -4.6063   0.5898  -0.0666
  -2.8406  -1.1698   0.4054   4.0344   1.3976   0.2663   4.1117   2.1171   2.8547  -3.5515
   0.1556  -0.6689   2.0459   2.6795   3.9396  -3.7404   2.5749   0.5926   4.4743  -0.7140
   0.1332   1.6131   0.3635   4.9142   0.9419  -2.2856  -2.4671   3.5472   2.4524   3.1797
  -0.6043  -4.9074   4.3538   4.1005   1.5833  -0.2087   3.3844   3.7340   2.8981  -3.6556
  -3.5315   3.3928   1.3648   1.1811  -4.2426   3.0062  -3.7036   3.9670   0.7098   1.4037
   3.9463   3.8233   3.9678  -1.8613   4.1413  -3.9463  -3.0691  -2.5455   0.5327   2.3789
   0.9847   3.6493  -1.6053  -3.9909   4.9244  -1.7640   0.1659  -0.7673  -0.5348   3.8713
   4.6690   4.7471  -1.1663   3.1865  -0.5482   1.4814   3.8703  -4.3608   3.5095   2.3209
  -0.8787   3.1405  -2.8652   0.2075  -2.5469  -1.5595   4.9383   1.9504   3.4969   3.5814
   2.3547  -3.0517   4.8706   4.3201  -1.2804  -2.7684  -1.7554  -4.5191   3.6828  -3.2481
  -3.2948   1.3765   1.7955   2.4890  -2.6931   0.8299  -2.3782   3.1605  -0.5318  -4.4990
  -2.1019   4.6840   0.6858   0.4273  -1.8416   2.2986  -2.9308  -2.6377   0.6577   2.1770
  -1.6473  -4.6032   4.1322  -0.5780   0.8500  -0.7550  -3.4643  -2.9800   4.4856  -4.8110
  -4.8581   1.9991   4.1282   4.4366   0.0831   3.8064   4.4206   4.6357  -2.9433   1.7490
>b (rhs) data
  -49.8646
   18.8167
   36.4151
   47.9224
  -40.9024
  -28.9233
  -40.9502
   37.7798
  -32.1342
   41.4741
   30.2346
  -30.1962
   23.2734
   27.6412
  -16.8572
>c (costs vector) data
   2.2454
  -0.7855
  -2.1347
   4.0519
   0.2148
  -4.6354
   3.4408
   0.0969
  -4.8182
   1.7990
>Status flag:
UNBOUNDED