# Randomly generated test case
# Case number: 30; Generated: Sun Nov 19 05:44:16 4461606

# Parameters: n=10, m=15, a=10,b=100
>epsilon -- precision parameter
0.01
>A matrix data
  -1.1864   2.4714  -2.5761   2.3662   0.9127  -1.8438  -4.6570  -4.3750   3.1443  -4.2364
   4.5308  -0.3682  -2.7229   4.5877   1.3739   0.4240   2.5604  -4.1604   2.3001  -4.5331
   3.1613  -1.1483   1.5999  -1.7126  -4.3468   4.8702   2.3112   1.9456   0.5517   3.5966
   1.0119  -1.7597   3.4198   1.2838  -3.8680   3.7769  -2.7121   0.6277   3.1935   3.5564
  -0.9428   1.8092  -2.3884   0.9155   3.1471   1.0795   1.6623  -1.1195   4.1464  -3.1737
  -1.1693  -0.1020  -1.4231  -3.9735  -1.1021  -1.1445   3.5070   1.5790   4.5674   4.9955
   2.3691   0.1222  -2.2972  -1.0692  -3.1333  -3.9202  -1.8397  -3.3751   4.7224  -1.2558
  -1.1499  -2.4055   4.9791   1.5821   4.6648   0.4138  -1.3453   1.1143  -4.7567   1.0114
   2.2991  -3.5773  -2.6823   3.3205  -4.6560  -3.1057  -4.9251  -1.0086   2.7763   3.0820
   2.5621   2.0702   1.2738  -0.8536   0.2745  -3.9713   2.0328   2.0576   1.9136   4.8085
  -4.6050   2.5135  -2.0784  -0.3228  -1.6575  -2.5707  -3.0555  -0.2651  -3.0935   3.4602
   0.4202   4.3521   1.1007   3.3844  -3.6501  -2.2911  -4.8017  -3.7834  -0.2170  -4.8878
   1.7436   4.2657  -0.7829   3.8561  -4.6489   3.4352   0.6182   0.2034  -3.7866   0.5665
   3.9014   3.9258   1.9205   0.4513  -1.0722   0.4353  -1.7192  -4.4814   2.3991   2.8676
   4.3882  -2.2078   4.2761   3.0028  -4.7411  -1.9717   1.3318   4.0442  -2.2788   0.8047
>b (rhs) data
  -44.6652
   29.6338
   42.4436
   23.5795
   28.0132
  -47.3002
  -13.7799
  -12.3232
  -47.5398
   34.3940
  -16.2221
   18.2924
  -11.3211
    0.5451
  -18.8221
>c (costs vector) data
  -3.0719
   4.2515
  -2.3219
  -0.9522
  -1.4670
  -1.8328
   0.1410
   3.2908
  -1.6833
  -0.7695
>Status flag:
UNBOUNDED