# Randomly generated test case
# Case number: 12; Generated: Wed Dec 31 19:00:00 1969

# Parameters: n=10, m=20, a=10,b=100
>epsilon -- precision parameter
0.01
>A matrix data
   4.8222   2.3329   2.1064   0.0387  -4.6383  -0.3497  -3.8059  -4.6936   2.9874   1.8119
   3.2356  -2.9734   3.7901  -0.6781   1.6173  -0.3526  -1.7776   0.5365  -4.4116  -2.3600
  -3.2827  -2.9485   2.4425  -2.7542  -3.6093   0.2901   0.0894   3.9344  -1.2211   4.5503
   1.8670   2.5698  -0.6534  -1.7121   3.2604   0.6286  -0.3129  -0.1053  -0.2104   0.6061
   3.1073  -4.0011   0.3947  -0.5206  -1.8079   0.2296   0.8181  -1.8609  -2.7069   3.6532
   3.1664   1.9307   0.7544   3.8682  -1.9425  -1.1038   0.2581   3.9878  -0.7760  -1.7878
   3.1457  -4.1973  -0.2347   3.8527   0.5507  -4.9596  -3.7944   4.4225   1.7802  -3.8090
  -2.5740  -0.8436  -2.3448  -3.7871  -4.5676  -1.0178  -4.5147  -3.0325  -2.6143  -3.2602
  -2.0120   3.9204  -3.3852   3.0629   1.3307  -1.3586  -4.8937   2.4077   4.3922  -2.0706
   0.0802   3.7528   1.4457  -3.1212  -1.4286  -4.9921   3.9073   1.3420   4.2800   2.8802
  -1.0000        0        0        0        0        0        0        0        0        0
        0  -1.0000        0        0        0        0        0        0        0        0
        0        0  -1.0000        0        0        0        0        0        0        0
        0        0        0  -1.0000        0        0        0        0        0        0
        0        0        0        0  -1.0000        0        0        0        0        0
        0        0        0        0        0  -1.0000        0        0        0        0
        0        0        0        0        0        0  -1.0000        0        0        0
        0        0        0        0        0        0        0  -1.0000        0        0
        0        0        0        0        0        0        0        0  -1.0000        0
        0        0        0        0        0        0        0        0        0  -1.0000
>b (rhs) data
   36.9107
   25.6366
  -49.2274
   44.1330
   39.6715
   -4.2427
    4.4069
   -2.1117
   41.3639
   24.2516
         0
         0
         0
         0
         0
         0
         0
         0
         0
         0
>c (costs vector) data
   0.5499
   1.0804
   3.5637
  -4.5707
   4.1141
   3.5069
  -2.2812
   2.6499
  -3.2009
  -0.4425
>Status flag:
UNBOUNDED