# Randomly generated test case
# Case number: 4; Generated: Wed Dec 31 19:00:00 1969

# Parameters: n=10, m=25, a=10,b=100
>epsilon -- precision parameter
0.01
>A matrix data
  -4.3915   4.3121   4.8686  -1.2853  -0.4295  -4.1823  -0.5145   3.4925  -3.2476   4.1852
  -0.4474  -4.6107   2.8513  -1.1460  -4.4161  -0.0310  -4.5979  -3.1868   2.1966  -2.4430
  -4.8402   3.7800  -0.8519  -4.0474   3.5125   4.7919   1.8469   2.3774  -4.0665   4.8309
   1.5588   3.8639   1.8588  -4.5309   1.2803   1.8593   0.7050   4.7458   3.2198  -0.5717
  -2.8617   2.0371  -0.1032   4.2272   2.4063   4.4394  -2.0059  -0.3144   4.1241  -4.0773
  -2.8169  -1.8867  -2.8379  -0.6233   4.5938   3.9473   4.2466  -1.8792  -3.4453   1.3885
  -2.5396  -0.9395  -2.5030   4.7423  -3.1175   4.5368  -3.4208   2.9844   2.5285   3.2591
   4.8403  -0.9406   4.1809   3.8830   1.6902  -3.8044  -2.6496   0.5568   0.4248   3.6109
   1.8188  -3.4688   2.5184  -2.5532   0.4272  -1.7559  -3.7246  -0.3954   3.6056  -1.3797
  -4.9039  -3.6337   1.6499   3.9340   1.7096  -4.6852   3.9296  -4.9483  -0.8596  -0.5644
  -3.9589  -2.3976   4.4953  -3.4677  -1.5130   3.7525  -2.7785  -4.1626   4.9895  -0.7892
  -4.2645   3.1135  -4.2646   3.0802  -2.8443  -0.0054  -4.4389  -0.9830  -1.9186   0.3866
   2.5787  -4.0117   1.8773  -2.0509   1.9777   3.1936  -4.2178  -4.8406   4.8476  -2.3852
   0.3111  -1.5909  -0.5169   4.5521  -2.2373   3.6243  -0.4951  -0.0498  -1.1763   1.2170
   2.2855   3.8777   3.8320   2.3376  -1.4899   0.2320  -1.5757   0.7002   4.2816  -2.8566
  -1.0000        0        0        0        0        0        0        0        0        0
        0  -1.0000        0        0        0        0        0        0        0        0
        0        0  -1.0000        0        0        0        0        0        0        0
        0        0        0  -1.0000        0        0        0        0        0        0
        0        0        0        0  -1.0000        0        0        0        0        0
        0        0        0        0        0  -1.0000        0        0        0        0
        0        0        0        0        0        0  -1.0000        0        0        0
        0        0        0        0        0        0        0  -1.0000        0        0
        0        0        0        0        0        0        0        0  -1.0000        0
        0        0        0        0        0        0        0        0        0  -1.0000
>b (rhs) data
  -33.2067
  -37.9056
  -14.3821
   25.3473
   49.8403
   20.2599
  -33.7638
   -0.5428
  -44.0364
  -29.0875
  -24.8729
   34.5693
    2.1851
  -22.2749
   34.5132
         0
         0
         0
         0
         0
         0
         0
         0
         0
         0
>c (costs vector) data
  -4.9915
   4.3469
   1.5223
   3.5041
   2.5332
   1.3128
   4.6492
   4.8343
   4.7387
   1.6467
>Status flag:
INFEASIBLE