# Randomly generated test case
# Case number: 45; Generated: Wed Dec 31 19:00:00 1969

# Parameters: n=10, m=25, a=10,b=100
>epsilon -- precision parameter
0.01
>A matrix data
  -1.1590  -0.8481   2.3821  -3.8953  -0.8077   0.2127   3.9427   0.7636  -3.9651   2.5914
  -4.3736   4.6892   3.2990   4.4488  -0.1408   0.7569  -2.9334  -2.1749   2.6210  -4.1668
   1.9538  -0.0887   2.5860  -3.3414   3.2220   0.4558  -3.3690   2.5898   1.8279  -2.7905
   2.3679   3.2007   2.5920  -4.2171  -2.9440  -2.1530  -2.9621   4.8776   3.5502  -1.1262
  -2.5102   4.9317  -1.6591   1.9206   3.2468   4.9999  -3.6721  -0.0285  -2.1494  -3.9708
   2.5671  -2.1776   2.9515   2.8225   0.2536   4.8677   4.1604  -3.4815   1.1823  -3.7872
   1.2871  -1.2471   0.6474  -1.8859  -4.8089  -3.7413  -2.2670   3.4124  -1.3534  -4.1822
   4.9317  -4.1806   1.9765  -2.2905   3.6492  -0.9729  -0.7983   1.9628   1.4828   3.9450
  -0.8790   0.7325   2.3327  -3.1378   3.6864   3.6786  -4.3949   0.0652  -1.2749  -2.8153
  -0.7202  -1.9325  -4.2216  -1.7206   0.0905  -3.0336  -2.2962  -1.8652   4.8841  -0.0257
  -4.1242  -4.2613   4.1178   1.9383   1.3288  -0.0217   3.3539  -2.2710  -4.8896  -2.6605
  -4.4303   3.5144   4.6504  -0.0826  -0.3760  -3.5442   2.5194   1.7458  -0.1285   3.0184
   3.9183   0.7484  -0.2771  -4.7192  -2.8239   2.7325  -0.5485   0.1318   0.0093   4.5912
  -1.4216   3.8777   1.9137  -4.2603  -1.2825  -1.1069  -0.6796  -3.7391   4.8798   0.4752
  -2.9570   2.2668  -2.8165   2.7121   1.3726   0.1210   4.0181  -3.7268  -1.9388   1.3961
  -1.0000        0        0        0        0        0        0        0        0        0
        0  -1.0000        0        0        0        0        0        0        0        0
        0        0  -1.0000        0        0        0        0        0        0        0
        0        0        0  -1.0000        0        0        0        0        0        0
        0        0        0        0  -1.0000        0        0        0        0        0
        0        0        0        0        0  -1.0000        0        0        0        0
        0        0        0        0        0        0  -1.0000        0        0        0
        0        0        0        0        0        0        0  -1.0000        0        0
        0        0        0        0        0        0        0        0  -1.0000        0
        0        0        0        0        0        0        0        0        0  -1.0000
>b (rhs) data
  -43.8750
   -2.7251
   48.9605
   -5.5718
   -9.9377
   33.7853
   -9.7853
   34.2477
   37.6600
   -9.2520
  -17.6512
   41.3370
  -40.7577
  -31.7238
  -34.8898
         0
         0
         0
         0
         0
         0
         0
         0
         0
         0
>c (costs vector) data
   0.4334
   2.9485
   0.0664
   0.9133
   4.9479
   1.3647
  -2.2639
  -2.6326
   0.6631
  -0.8178
>Status flag:
INFEASIBLE