# Randomly generated test case
# Case number: 31; Generated: Wed Dec 31 19:00:00 1969

# Parameters: n=10, m=10, a=10,b=100
>epsilon -- precision parameter
0.01
>A matrix data
  -4.9152   2.4108   1.7444   1.4686   4.0786   2.2263   4.2899   2.0643  -0.0589   3.2319
   2.5098  -4.8177  -4.9010   1.6650   2.2156  -1.6818   4.8122  -2.3957  -1.0201  -0.6358
  -3.1624  -2.2356  -4.7847  -0.1113   2.0233   1.6780  -0.7310  -4.4407  -3.0718   4.0729
  -4.8106   4.1196  -0.1171  -1.3396  -1.0816  -4.6704   3.0596  -1.6152  -4.2408  -4.9569
   4.7937  -0.7733  -3.8038   2.6808  -1.1854  -2.2241  -1.4249  -3.3971  -1.3916  -2.6441
  -0.4267  -3.6165  -4.0862   0.1141   1.4474   2.2426   2.7524  -2.8811   2.7857   1.7672
  -2.6805   3.2200  -1.4258   0.1950   0.8098   1.8395   3.9224  -2.1563  -0.9883  -3.3834
  -3.5227  -2.3316  -0.8187   1.8830   4.2124   3.8989   0.6046  -1.0590   3.6476   3.2253
  -4.9773   3.4470  -1.8671   3.2637  -4.4299  -0.9285   0.9641  -2.6092   0.3266   1.1642
  -4.2988   1.1456  -2.0574  -0.7295   4.1436   0.4115  -0.0882   3.4947   3.7179   0.9653
>b (rhs) data
   20.1501
  -39.8717
   -7.8318
    2.6245
   48.0825
   48.1383
   36.4358
  -37.8280
  -11.8696
  -10.7109
>c (costs vector) data
  -2.7976
   4.7031
  -3.6383
  -1.5074
  -3.0344
   0.6948
   1.6150
   4.4211
   2.6829
  -0.7304
>Status flag:
UNBOUNDED