# Randomly generated test case
# Case number: 46; Generated: Wed Dec 31 19:00:00 1969

# Parameters: n=10, m=25, a=10,b=100
>epsilon -- precision parameter
0.01
>A matrix data
  -0.6212  -1.3395   2.5045   3.0466   2.0213  -3.4175   0.4668   4.7258  -4.5451   0.0314
  -0.1154   0.6827  -2.8017   3.1617  -0.9236   3.1394  -1.4335  -0.2684  -4.5785  -1.5379
  -4.4053  -2.3832  -0.7474  -2.7422  -3.0762  -3.7862   1.3936   2.3657  -1.2078   2.0410
   1.2164   3.2564  -0.5763  -1.4610  -3.7865  -4.2819   0.0830   3.6553   3.4876   1.7059
   2.4522   3.2321   2.7335  -1.3530  -2.0433   2.0308  -4.9251   3.5667   2.9259  -4.9553
   3.8385  -3.0905  -2.1315  -1.4289   4.7417   3.6342  -1.0414  -0.1545   4.4965   0.2536
   0.9404  -2.9236  -3.9806  -3.6636  -2.8016  -0.9623  -4.9783  -0.2896   2.7804   2.8560
   1.4784  -2.2909  -3.8187   0.1707   2.6124  -2.9287  -2.5805  -2.9921   1.3367   1.5747
   2.9965  -4.1036  -2.2319   0.6303  -1.0652   2.9897  -2.5425  -2.6087  -4.7401  -3.8389
  -1.2132  -0.2540   1.1962  -2.4633  -0.7297   0.5682  -2.6383   3.5947  -1.3213   1.3831
   4.9805   0.5757  -4.3930  -3.8991   4.7079  -2.6439  -0.6261  -0.8430   0.2512  -0.5724
  -2.3728   0.8110  -1.6212   2.9343  -1.0616  -0.0895  -1.0422  -0.3558  -2.7093  -4.9041
  -1.0754   4.7683  -3.7199   4.5755  -4.9455   2.2448  -4.7561   2.0825   4.9717  -2.9013
  -4.2041  -0.4339   4.5321   2.8984  -4.9918   1.6733  -4.5325   4.9722  -4.2926  -0.1277
   3.5806  -2.2908  -0.1865  -0.3499   1.9741   2.7875  -0.0079  -1.0275  -3.9018   0.8660
  -1.0000        0        0        0        0        0        0        0        0        0
        0  -1.0000        0        0        0        0        0        0        0        0
        0        0  -1.0000        0        0        0        0        0        0        0
        0        0        0  -1.0000        0        0        0        0        0        0
        0        0        0        0  -1.0000        0        0        0        0        0
        0        0        0        0        0  -1.0000        0        0        0        0
        0        0        0        0        0        0  -1.0000        0        0        0
        0        0        0        0        0        0        0  -1.0000        0        0
        0        0        0        0        0        0        0        0  -1.0000        0
        0        0        0        0        0        0        0        0        0  -1.0000
>b (rhs) data
  -19.7600
  -35.0506
  -25.6674
  -15.9525
  -33.8630
  -44.7876
   10.7835
    0.3037
   14.5262
   -4.9169
    3.5741
   48.7698
   17.1129
  -11.9143
    3.0595
         0
         0
         0
         0
         0
         0
         0
         0
         0
         0
>c (costs vector) data
  -4.0638
   1.8528
   1.6989
   2.5425
  -3.4882
   2.4911
  -0.0439
  -0.4482
   3.8959
   3.1957
>x -- known optimal solution
    0.2796
   28.1170
         0
         0
   14.6853
   13.6574
   75.1210
         0
         0
         0

# Optimal objective: 30.455
