# Randomly generated test case
# Case number: 32; Generated: Wed Dec 31 19:00:00 1969

# Parameters: n=10, m=15, a=10,b=100
>epsilon -- precision parameter
0.01
>A matrix data
   4.7959  -1.5219   3.8058  -4.7407   3.8004  -0.6554   4.3933  -0.6420  -1.4189  -4.6512
  -0.2496  -1.2282   3.4650   1.5919   2.1597   2.5900  -1.5981   3.7818   1.5041  -2.3425
   3.3163  -4.6461  -3.4509  -0.1595  -0.5798  -1.4011  -0.8677  -4.6777  -3.9007   1.7119
   4.1507  -0.6405   3.8839   1.7811  -0.6436   4.5954  -0.6337   0.4534  -3.1025   0.6287
   0.5301   1.8890  -1.6901  -3.3038   2.8531  -2.7374   3.1853  -3.0791  -4.5451  -4.2012
  -1.0000        0        0        0        0        0        0        0        0        0
        0  -1.0000        0        0        0        0        0        0        0        0
        0        0  -1.0000        0        0        0        0        0        0        0
        0        0        0  -1.0000        0        0        0        0        0        0
        0        0        0        0  -1.0000        0        0        0        0        0
        0        0        0        0        0  -1.0000        0        0        0        0
        0        0        0        0        0        0  -1.0000        0        0        0
        0        0        0        0        0        0        0  -1.0000        0        0
        0        0        0        0        0        0        0        0  -1.0000        0
        0        0        0        0        0        0        0        0        0  -1.0000
>b (rhs) data
  -45.9783
  -35.8739
  -25.1577
  -39.2624
   43.2476
         0
         0
         0
         0
         0
         0
         0
         0
         0
         0
>c (costs vector) data
   1.4377
  -4.5960
   2.3916
   0.8464
   1.7984
   2.1235
  -4.1321
   2.3534
  -0.1354
  -0.8290
>Status flag:
UNBOUNDED