# Randomly generated test case
# Case number: 44; Generated: Wed Dec 31 19:00:00 1969

# Parameters: n=10, m=25, a=10,b=100
>epsilon -- precision parameter
0.01
>A matrix data
  -0.3181   1.8359  -2.8077   0.0174   4.2521  -2.5010  -1.6700   0.7089  -2.3568  -4.1162
  -4.2790  -1.2315   4.6922   4.5380  -1.7486   0.4608   1.6107   1.6438  -0.3175  -1.9728
   4.7189  -0.3589  -2.8410  -4.7753   4.9401   1.5573   2.1755  -1.8698  -3.2311  -0.6238
   3.5952  -0.4441   1.8334   0.0936   3.5894  -0.3921   2.8883  -3.8029   1.8320  -1.7377
  -1.6700   3.2444  -0.5580  -2.2491  -1.1117  -2.0483   4.1532  -0.1771  -1.3155  -2.9717
  -0.4119  -2.6873   1.2737   3.2033  -0.4024  -2.5855   0.7214  -4.7111   1.6263   3.0457
   2.4668   4.8594   1.1157  -3.5288   0.2691   0.9391  -3.5794   4.8367  -3.5690  -4.4514
   3.7320  -0.7070   4.1248  -4.3400  -1.3891   2.2763   4.6726   0.3227  -4.5320  -3.6234
  -3.0873  -2.3009   1.4539   2.2549  -1.4229   0.7367   0.6907   1.5159  -3.3430  -3.4716
  -3.3472   2.4843  -4.8978   0.7767   0.2726  -3.3206   1.8676   1.8061  -4.9826   3.4908
  -1.1746   4.2833  -0.2307  -2.8326   0.1501  -4.7755   4.9816  -2.8562   1.7965  -3.9529
   4.2598   4.8437  -1.6089  -3.1471  -2.0420  -3.9465   2.7656   0.9314   4.5325   0.3705
  -0.4733   1.8456   3.7835  -1.1111   0.5189  -4.9291   1.3570  -2.8164   2.0144   2.5308
   0.2828  -4.7285   2.4322  -0.6096  -1.1159  -0.3549   0.2824   1.7083  -2.1076  -1.0734
   0.4296  -4.6584   0.7419  -1.9549   3.6183   3.5862   3.9210  -3.3097  -0.6591  -1.9058
  -1.0000        0        0        0        0        0        0        0        0        0
        0  -1.0000        0        0        0        0        0        0        0        0
        0        0  -1.0000        0        0        0        0        0        0        0
        0        0        0  -1.0000        0        0        0        0        0        0
        0        0        0        0  -1.0000        0        0        0        0        0
        0        0        0        0        0  -1.0000        0        0        0        0
        0        0        0        0        0        0  -1.0000        0        0        0
        0        0        0        0        0        0        0  -1.0000        0        0
        0        0        0        0        0        0        0        0  -1.0000        0
        0        0        0        0        0        0        0        0        0  -1.0000
>b (rhs) data
  -22.6136
    0.1385
   41.6105
   23.1539
   -9.0345
   -1.9893
   11.3540
   26.8316
    5.4389
   -1.6864
  -20.6011
   -3.1635
   12.3772
  -32.5048
   19.9123
         0
         0
         0
         0
         0
         0
         0
         0
         0
         0
>c (costs vector) data
  -1.6220
  -1.3506
  -3.9432
   2.3132
  -2.7397
   0.9576
  -2.2208
   0.6506
  -2.4336
  -3.8816
>Status flag:
UNBOUNDED