# Randomly generated test case
# Case number: 48; Generated: Wed Dec 31 19:00:00 1969

# Parameters: n=10, m=10, a=10,b=100
>epsilon -- precision parameter
0.01
>A matrix data
   4.7499   2.8279   3.3013   3.8868   2.9615   1.5241   2.9947   4.4967  -0.1017   2.0170
   3.2679   1.1099   0.3195   0.3748  -4.6145   2.4471   1.2856  -0.5168  -1.4847   1.2114
  -0.5882   0.9569   1.0571  -1.4200   4.6644  -3.9375  -4.4390   1.1983   2.2744  -4.7531
   2.6595   0.8375  -2.6570  -1.1792   3.9231   3.1373  -0.4440   4.5372   4.8171  -1.7738
  -3.8537  -3.6709   0.3305  -2.7656  -0.8955   0.0235   4.4967   4.1068  -1.4951   3.0330
   4.0899  -3.3852   0.8793  -2.5883  -2.0664  -3.2358  -0.2561   3.8109   1.1432   1.1447
   2.9841   0.7598  -3.6781  -0.6223  -2.0211  -4.0652  -3.2231  -4.4480   4.5843   0.5140
   1.3030  -4.6174  -1.5226  -0.9614   2.8598  -3.1800  -4.7901  -0.3423  -4.0796   1.9109
   4.5300   0.3369   1.4112  -1.5256   0.1792  -0.0468   4.4065   4.7697   2.3389  -3.2767
  -4.8896   0.8968  -0.0256   3.8980   4.6116   0.5862  -2.0228  -2.9583   2.4295   4.5166
>b (rhs) data
   -4.5977
  -29.7950
  -37.0087
   36.7878
  -34.5900
   24.1085
   -8.7055
  -28.2109
  -25.4804
  -44.6042
>c (costs vector) data
  -4.1154
   2.8056
   1.1844
   3.6403
   0.6863
   4.6144
  -4.7851
   1.5274
   3.4027
   4.1259
>Status flag:
UNBOUNDED