# Randomly generated test case
# Case number: 14; Generated: Wed Dec 31 19:00:00 1969

# Parameters: n=10, m=25, a=10,b=100
>epsilon -- precision parameter
0.01
>A matrix data
   3.4001  -1.1100  -2.0517   2.2695   4.7899   2.3223   2.0251  -0.5661   1.7233  -3.6293
   1.8811   4.4174   4.0029  -4.3169   2.4927   0.7344  -2.8122  -0.8147  -3.0495   2.5901
   2.8551  -0.5614  -2.2664  -1.5943   1.7191  -3.7384  -1.9338   0.3338   1.4510   0.0826
  -2.1072   0.9903  -3.2022  -4.4423   2.3900   4.0813   1.2587  -4.5460  -0.9494  -4.1115
   2.6675   2.9553   1.6671  -1.8943  -1.9296  -4.8624   1.2404  -4.4543   4.2765   4.7721
  -1.5054   2.0956  -4.0175  -1.2238  -0.4874   0.8918   4.6780  -1.6816   2.5262   4.0829
  -0.0006  -0.2975   1.3170   2.2022   3.6179   0.5240   0.4232   3.0545  -2.0125  -1.1482
   1.4575  -0.4326  -4.6931   1.3640  -1.5424   2.4952  -4.5564   0.8899  -3.5278  -1.0571
   4.6390  -2.8492   3.3468   4.0228   1.9404  -4.2529   2.3032   0.9079  -2.7452  -4.4616
   3.5997  -1.5878  -2.5693   3.1088   0.3601   1.1249   0.2697  -1.1653   0.2094  -2.8140
   4.1534   2.3717   4.6621   0.4494  -3.3740  -3.0749  -4.6984   3.1185   3.0838  -4.3729
  -1.3592   4.5111   3.9875   2.1965  -1.8283   3.5453  -0.3725   3.5735   4.2982   1.5040
  -2.0031  -0.9690   0.9091  -3.4298   2.5427   0.2111   2.8425  -2.6937  -3.5146   0.4924
  -1.6482  -3.3507  -3.0443  -1.0508   4.9203   1.0832  -2.9651  -0.5303   4.7880  -0.9450
  -2.0277   3.6865  -2.2970  -0.4316   3.6079  -0.8530   4.8591   1.6826  -4.0399  -4.5916
  -1.0000        0        0        0        0        0        0        0        0        0
        0  -1.0000        0        0        0        0        0        0        0        0
        0        0  -1.0000        0        0        0        0        0        0        0
        0        0        0  -1.0000        0        0        0        0        0        0
        0        0        0        0  -1.0000        0        0        0        0        0
        0        0        0        0        0  -1.0000        0        0        0        0
        0        0        0        0        0        0  -1.0000        0        0        0
        0        0        0        0        0        0        0  -1.0000        0        0
        0        0        0        0        0        0        0        0  -1.0000        0
        0        0        0        0        0        0        0        0        0  -1.0000
>b (rhs) data
  -37.5509
   -5.9621
   27.9805
  -44.3738
   -1.6083
   -0.7267
  -35.0307
  -48.1653
  -25.5901
  -37.7879
  -24.0495
   -4.4629
  -44.2508
   38.8432
   16.2689
         0
         0
         0
         0
         0
         0
         0
         0
         0
         0
>c (costs vector) data
   3.7255
  -1.1872
  -3.1099
  -4.2978
  -3.0230
  -4.3466
   4.6066
   3.8649
   4.4283
   0.7983
>Status flag:
INFEASIBLE