# Randomly generated test case
# Case number: 11; Generated: Wed Dec 31 19:00:00 1969

# Parameters: n=10, m=15, a=10,b=100
>epsilon -- precision parameter
0.01
>A matrix data
   4.1932   4.6353  -1.5519  -0.7507  -2.3251  -3.0634   3.0203   2.9627   0.9746   1.2626
  -4.7951  -2.9326  -4.3326   1.1506   0.0172  -3.6422  -2.1464  -4.5751  -4.4043  -2.4158
   4.4678   3.6634  -3.7006  -3.1861   4.5962   3.3670  -3.5242   2.4636  -2.6920   0.9261
  -1.5100   4.0577  -2.7445   1.5085  -4.2392   2.4465   2.2266  -3.5249   3.5482   0.9199
  -1.6763   0.1689  -3.4942   3.5616  -1.4310   3.3412   0.4994  -1.0052   3.6518   2.5649
  -1.0000        0        0        0        0        0        0        0        0        0
        0  -1.0000        0        0        0        0        0        0        0        0
        0        0  -1.0000        0        0        0        0        0        0        0
        0        0        0  -1.0000        0        0        0        0        0        0
        0        0        0        0  -1.0000        0        0        0        0        0
        0        0        0        0        0  -1.0000        0        0        0        0
        0        0        0        0        0        0  -1.0000        0        0        0
        0        0        0        0        0        0        0  -1.0000        0        0
        0        0        0        0        0        0        0        0  -1.0000        0
        0        0        0        0        0        0        0        0        0  -1.0000
>b (rhs) data
   25.9084
   25.8081
  -18.5495
   32.1031
  -19.9645
         0
         0
         0
         0
         0
         0
         0
         0
         0
         0
>c (costs vector) data
   1.8884
   4.5840
   2.2095
   1.4969
   1.1258
  -0.9576
   2.5707
  -4.8708
  -4.0025
  -0.5736
>Status flag:
UNBOUNDED