# Randomly generated test case
# Case number: 18; Generated: Sun Nov 19 05:44:16 4461606

# Parameters: n=10, m=15, a=10,b=100
>epsilon -- precision parameter
0.01
>A matrix data
  -0.0949  -1.5480   1.3605  -4.6355  -3.5929   2.5755   3.5947   4.7802   3.8853  -1.8775
  -2.8615  -2.3737   2.3309  -4.5856   1.5667  -0.8214   1.2177   0.5383   4.1447   2.5278
  -3.1978  -3.1922   3.2145  -4.8544   2.4848  -3.0562   0.4089   2.5763   1.0277  -0.8312
   1.7452   3.5229   3.5227  -3.8770  -1.8190   2.1445  -0.2845   3.7556  -1.3857  -0.2813
  -4.5435   2.1414  -3.2713   0.0649  -3.7225   0.5605   1.9146   1.5153  -3.6457  -2.5897
  -1.7681   0.7767  -3.0591   1.2572   0.0961   4.5335   2.1311  -1.4392   3.8328  -3.5034
  -2.0564   2.5504  -0.2090  -3.9687  -0.4902   4.7391  -1.9608   1.3066   0.8785  -1.4348
  -1.9573   1.2945  -2.4730  -2.6184  -4.3635  -0.5062   0.9976   3.0330   1.4701  -2.3311
  -4.8963   0.5697   4.2689  -0.2363  -3.2618   1.3324   4.9610  -3.3877  -2.8173  -4.9421
   4.3518  -1.3602   0.0870  -2.1402   0.7245  -2.4625   1.4065   1.3168  -3.0510   3.7770
   4.9970   3.6680  -3.4922   1.7267   4.7651   3.7396   0.0351  -1.9747  -1.6732  -3.0143
   1.7907  -1.7115  -0.2488  -3.2184  -1.9327   0.0215   0.3940   1.8936   3.3388   2.9587
  -3.6876  -4.9986  -3.9358  -4.8898  -3.4788   3.9894  -0.5381   0.7964   3.7734  -4.1798
  -4.6378  -2.2671  -4.2808   2.4369   0.6246  -3.6005  -3.2409  -2.3243  -3.9180  -2.9230
  -2.7706  -3.8747  -2.7359  -1.7256   3.3497   4.3504   3.9392  -4.7561  -3.7129   3.1804
>b (rhs) data
  -21.1469
  -10.2483
    2.2712
   22.9997
   19.6075
   25.0139
   42.3685
   -9.4883
   -4.5309
  -24.5426
    9.1815
   42.0710
  -30.3644
  -32.0200
   20.4999
>c (costs vector) data
   4.7983
  -1.4813
  -2.9581
   3.8490
   3.3451
  -2.7539
   2.7176
  -3.7201
   1.2991
   0.0962
>Status flag:
UNBOUNDED