# Randomly generated test case
# Case number: 24; Generated: Wed Dec 31 19:00:00 1969

# Parameters: n=10, m=15, a=10,b=100
>epsilon -- precision parameter
0.01
>A matrix data
   4.5857  -1.3861   1.6608  -2.2042  -3.6963  -3.5166   0.0059  -1.2943   3.2083  -3.5253
  -2.7813  -2.9044   0.3092  -3.1844   2.2033  -2.1328  -4.7538   3.4497  -2.5681   1.0464
  -1.7683  -2.8529  -2.7431   0.0054   1.2425   3.9361  -4.0565   3.1726   2.1243  -0.6169
  -3.3185  -3.5522   1.8613  -1.2880  -3.5995   0.4523   2.2213  -4.3508   4.2414   2.2138
  -2.6274  -2.1894   2.8959  -1.2528  -0.5385   4.3767  -2.6759  -4.3771   3.7532   1.7112
  -1.0000        0        0        0        0        0        0        0        0        0
        0  -1.0000        0        0        0        0        0        0        0        0
        0        0  -1.0000        0        0        0        0        0        0        0
        0        0        0  -1.0000        0        0        0        0        0        0
        0        0        0        0  -1.0000        0        0        0        0        0
        0        0        0        0        0  -1.0000        0        0        0        0
        0        0        0        0        0        0  -1.0000        0        0        0
        0        0        0        0        0        0        0  -1.0000        0        0
        0        0        0        0        0        0        0        0  -1.0000        0
        0        0        0        0        0        0        0        0        0  -1.0000
>b (rhs) data
   42.2836
  -49.8826
   25.5463
   48.9504
   36.3876
         0
         0
         0
         0
         0
         0
         0
         0
         0
         0
>c (costs vector) data
   3.8802
  -1.2038
  -2.5985
  -3.0252
  -2.7009
  -1.7857
  -3.8643
  -1.2456
   2.1682
   1.2845
>Status flag:
UNBOUNDED