# Randomly generated test case
# Case number: 10; Generated: Sun Nov 19 05:44:16 4461606

# Parameters: n=10, m=15, a=10,b=100
>epsilon -- precision parameter
0.01
>A matrix data
  -0.4114  -4.8536  -4.4946  -1.4210   3.1625  -1.1975   2.2591   0.3892   3.5256   4.3351
   4.5494  -1.9933  -0.1990   4.1988  -1.2497  -0.9745   3.2471   2.0331  -0.6161   3.0377
   3.7165  -2.4465  -0.9842   0.2428   1.4351  -1.5746   1.5828  -2.6014   2.1054  -4.1555
  -3.6743  -4.0400   4.4566  -1.5467   3.0736   1.7711  -0.3621   3.7690   2.4993   1.6797
  -0.9517  -3.6365   3.4257   0.6111  -0.2781   0.0114  -4.3402  -0.2901  -0.6748  -0.8080
   3.3667  -1.5294   1.9830   2.2988  -3.8258   0.5960   0.6368   0.7041  -2.4772  -3.6871
  -3.5139   0.7876  -4.7508  -2.4760   3.3181   2.6596  -3.7972  -3.6521   4.3249  -1.5838
   1.2669  -3.5795   4.7485  -4.7259  -1.2905   0.0829  -0.8350  -1.3806  -0.3726  -3.4161
   2.3773  -3.7245   4.4262  -4.5754  -0.7071  -1.4343   2.9685  -1.1505  -3.2947  -3.7605
   3.1284   0.4813   2.4385  -2.9906   0.7290   1.8597  -3.2815  -4.5513  -0.4728  -2.0972
  -1.2537   2.6978  -1.8719   3.7419   1.8175  -4.6307  -0.7247   4.8942  -3.4956  -1.4585
   1.3701  -1.6257   3.1764  -3.3578  -2.1962  -3.8916   4.3747   2.2249   1.7927  -4.1220
   4.0013   1.9653  -4.5088   1.4012  -1.5734   4.2760  -1.3354  -1.9649   3.5218   1.5637
   4.1753  -2.5689  -1.6408  -1.2708   1.3821  -2.4899   1.7069  -2.2083  -4.2799  -1.0148
   4.6057   4.3984   3.8745  -2.6466  -2.2746  -2.7311   3.3669  -0.7860   3.1027   2.9041
>b (rhs) data
    3.8848
  -11.3556
   22.6882
    8.8350
   10.9151
  -34.6072
  -30.5915
    2.1763
    5.0678
   -1.3531
   -0.0609
   23.3746
  -11.5872
   13.1220
    4.1749
>c (costs vector) data
  -3.5683
   3.6254
   3.9871
   3.1608
  -2.8491
   4.1776
  -2.3829
  -4.4809
   1.2146
  -0.0789
>Status flag:
UNBOUNDED