# Randomly generated test case
# Case number: 35; Generated: Sun Nov 19 05:44:16 4461606

# Parameters: n=10, m=15, a=10,b=100
>epsilon -- precision parameter
0.01
>A matrix data
  -2.2227  -2.7709  -0.6641   3.5427  -4.5664   4.0863   2.2186  -0.4078  -2.1761  -4.9181
   4.7139   4.2810  -0.3745   2.3316   3.5968  -2.4782  -2.5236   1.5563  -4.9521  -2.2091
   4.9940  -0.0241  -1.6787  -1.1400   4.1335   1.8916   2.9550  -2.7773   4.3439  -0.2042
  -1.3044  -1.2854   1.6411   2.3753  -4.6256  -4.8201  -4.6002  -4.7356   3.1247   4.5603
  -1.3920  -1.8431  -3.4709  -3.8489  -0.8384   1.6102   1.0724   0.4863   4.0678  -3.1123
  -1.1401  -0.9746   4.6596   1.3211   2.0985  -1.8289   2.7590   3.2156   4.7206  -3.4411
   1.7566   4.3661   2.5848   2.5576  -0.1511   0.3659  -1.7425   1.8741  -0.2013   0.4240
   1.6369  -3.8629  -0.8900  -2.4217  -2.7425   3.8064   2.5856  -1.4154   3.5518   4.3126
   2.2498  -1.2187  -3.0436  -0.6698  -4.2856   2.2005   3.1382  -2.6320  -3.3712   4.2814
  -4.1029  -3.9251  -0.3930   4.7188  -3.5386  -0.1032  -0.9502   4.4606  -1.9095  -4.2702
  -3.7992   3.9218   2.1927   2.3199  -0.4502  -4.4513   2.1555  -0.2227   0.0336  -2.6519
  -4.9952  -3.1245  -3.6281   1.3668   3.4309   3.2286   3.2536   1.7318  -0.5402  -1.7837
   1.4532   3.7880   2.8414  -4.6543  -3.4107  -4.8625   3.4015   4.0140   1.2740  -1.3085
  -0.5720  -3.9964   2.1793  -1.0073   0.4179   1.7676   4.5307  -0.6817  -4.2339  -3.2288
  -3.0843   4.5234   4.3614   2.1240  -2.4275  -0.2811  -3.0201   0.5269  -4.0687   0.1921
>b (rhs) data
   21.2975
  -28.8773
  -37.2871
  -47.0679
   23.3665
    5.2445
  -41.3234
   21.4108
   15.8173
  -19.5975
   21.9241
    3.5951
   27.1577
   28.0540
   28.9402
>c (costs vector) data
   4.8140
  -1.1488
   0.7295
  -2.9560
  -3.2553
   0.1789
   0.5567
  -2.8197
  -1.3677
  -3.6989
>Status flag:
UNBOUNDED