# Randomly generated test case
# Case number: 22; Generated: Wed Dec 31 19:00:00 1969

# Parameters: n=10, m=15, a=10,b=100
>epsilon -- precision parameter
0.01
>A matrix data
   2.4874   4.9877  -4.1422   3.7033   3.9398  -2.3193   3.7789  -0.7808  -4.6265   1.1577
   3.5908  -0.9606   1.9632  -2.2866  -0.6117   1.8686   1.6443   3.7070   1.1149  -2.0855
  -1.2563   4.6016   4.7358   2.2439   3.9608   1.3944   4.0264   1.5876  -4.1008  -0.0513
   2.9479   2.4580   0.9972  -2.3508  -0.7602  -0.5175  -4.5142   2.7313  -3.2927  -2.8679
   2.9272   2.8954  -0.4323   3.9697   4.5492   2.4762  -1.9675   1.1289  -2.0824  -2.5739
  -1.0000        0        0        0        0        0        0        0        0        0
        0  -1.0000        0        0        0        0        0        0        0        0
        0        0  -1.0000        0        0        0        0        0        0        0
        0        0        0  -1.0000        0        0        0        0        0        0
        0        0        0        0  -1.0000        0        0        0        0        0
        0        0        0        0        0  -1.0000        0        0        0        0
        0        0        0        0        0        0  -1.0000        0        0        0
        0        0        0        0        0        0        0  -1.0000        0        0
        0        0        0        0        0        0        0        0  -1.0000        0
        0        0        0        0        0        0        0        0        0  -1.0000
>b (rhs) data
   38.5725
  -42.0945
  -23.4924
   29.9730
   -3.1675
         0
         0
         0
         0
         0
         0
         0
         0
         0
         0
>c (costs vector) data
  -4.5377
   3.4842
  -4.0902
  -1.9256
   2.9236
  -0.0008
   2.8816
  -0.4176
  -0.9772
   3.4658
>Status flag:
UNBOUNDED