# Randomly generated test case
# Case number: 4; Generated: Wed Dec 31 19:00:00 1969

# Parameters: n=10, m=20, a=10,b=100
>epsilon -- precision parameter
0.01
>A matrix data
   1.1078  -4.5828   0.1209   3.7409  -0.5253  -0.4221  -4.6265  -0.4169   2.0993   0.7438
   4.0786   0.9537  -0.8408   2.2734  -2.8295   4.0329  -1.5304   4.5280   4.6861  -4.7154
  -0.6152   1.8781  -2.5255   4.2427  -3.1690   0.6043  -4.4445   0.2792  -3.6101   2.2558
  -4.0906  -4.4772   3.8411   2.7722  -3.7106  -3.5301   0.9247  -2.2390   0.5150  -3.3538
   2.6579   4.9365  -4.8602  -3.3739  -4.5542  -0.2266  -1.3539   0.5867  -2.7743  -1.6146
   3.0507   3.7336  -2.8182   0.5069  -1.4688   1.6515  -1.5946  -3.1460  -4.3809   4.7076
  -4.6348  -3.5359  -4.1660  -3.4866   4.4625  -4.8428  -2.6193  -1.5876   4.5064   4.6971
  -4.8219  -4.9194   1.8195   3.7648  -0.6321  -1.0842  -3.6253   2.9951   4.9824  -4.4529
   0.3964  -1.8073  -3.4420  -4.9113   1.8497   4.2059   0.5141   0.3885  -0.3285   1.9924
  -1.4045   0.0620  -2.1855  -1.6299  -2.5155  -3.4741  -4.7571  -0.8153  -3.5766   0.4783
  -1.0000        0        0        0        0        0        0        0        0        0
        0  -1.0000        0        0        0        0        0        0        0        0
        0        0  -1.0000        0        0        0        0        0        0        0
        0        0        0  -1.0000        0        0        0        0        0        0
        0        0        0        0  -1.0000        0        0        0        0        0
        0        0        0        0        0  -1.0000        0        0        0        0
        0        0        0        0        0        0  -1.0000        0        0        0
        0        0        0        0        0        0        0  -1.0000        0        0
        0        0        0        0        0        0        0        0  -1.0000        0
        0        0        0        0        0        0        0        0        0  -1.0000
>b (rhs) data
    0.9023
   36.0706
  -40.7719
   -8.2053
  -44.8177
  -14.5279
   47.8810
  -18.7754
  -32.8103
    9.1372
         0
         0
         0
         0
         0
         0
         0
         0
         0
         0
>c (costs vector) data
  -0.4443
   0.2519
   4.9410
   2.4178
   4.5781
  -0.7155
   1.2324
  -0.9116
  -1.8970
   0.3114
>x -- known optimal solution
         0
    7.8804
         0
    9.2369
         0
         0
   15.0032
         0
   19.3637
   12.7715

# Optimal objective: 10.0521
