# Randomly generated test case
# Case number: 17; Generated: Wed Dec 31 19:00:00 1969

# Parameters: n=10, m=15, a=10,b=100
>epsilon -- precision parameter
0.01
>A matrix data
   1.0906   0.3794  -2.4764   3.0924  -4.0617   4.0070   1.0183  -3.7028  -4.3861   1.9397
  -0.2823   2.6728   3.7529  -2.9781  -0.7199  -1.1892  -3.2217  -1.0782  -2.9612   3.7313
  -4.0257   1.1658  -4.1534   4.0493  -3.1689  -4.8126  -1.7622  -1.1934  -4.3173  -3.5373
   0.3161   0.8737   3.4118  -0.5307  -1.2464  -1.8560  -0.1450   4.6625   2.2587   0.4712
   2.4969   3.3567   1.7850   0.0971  -1.8511  -4.0061   0.2015  -2.0685  -1.3804   3.8316
  -1.0000        0        0        0        0        0        0        0        0        0
        0  -1.0000        0        0        0        0        0        0        0        0
        0        0  -1.0000        0        0        0        0        0        0        0
        0        0        0  -1.0000        0        0        0        0        0        0
        0        0        0        0  -1.0000        0        0        0        0        0
        0        0        0        0        0  -1.0000        0        0        0        0
        0        0        0        0        0        0  -1.0000        0        0        0
        0        0        0        0        0        0        0  -1.0000        0        0
        0        0        0        0        0        0        0        0  -1.0000        0
        0        0        0        0        0        0        0        0        0  -1.0000
>b (rhs) data
  -14.2318
   39.2993
   35.3557
   30.2911
   11.1760
         0
         0
         0
         0
         0
         0
         0
         0
         0
         0
>c (costs vector) data
   0.8402
  -0.8110
  -4.3108
   3.3241
   3.0492
  -3.2488
   0.8555
  -4.1836
   3.6878
   2.0841
>Status flag:
UNBOUNDED