# Randomly generated test case
# Case number: 16; Generated: Wed Dec 31 19:00:00 1969

# Parameters: n=10, m=15, a=10,b=100
>epsilon -- precision parameter
0.01
>A matrix data
   0.5363  -4.3468  -1.3883   2.8218  -1.8000   3.9161   0.7621  -1.2531   2.0872   3.4335
  -3.6869  -3.0460   1.1192  -3.4870  -1.7678  -0.1028   0.7666  -3.8523   4.6409  -3.5318
  -4.2876   0.9626   1.3567   2.8563  -3.7933   1.1135  -2.6917   3.9638   4.4564  -0.3220
   2.6211   2.2163   3.7071   2.0340  -0.1950   2.8042  -3.4951  -1.4393   1.7623  -1.8435
   0.9218   1.1574  -2.6210   1.6993   4.8253   2.6090   3.8499   3.2018   3.3029   1.2547
  -1.6326   1.9677   1.0071  -0.3012  -3.3478  -4.0304   2.7624   2.6465   3.6828  -2.1616
   2.8815   1.8052   3.1178  -3.5757  -2.0464   3.9100  -2.7938  -3.6492  -2.8731   3.7602
  -3.2111   4.3795   3.2106  -4.7750   0.1075  -2.0607   4.8350   0.0006   2.5203  -4.7086
  -3.1956   1.3506   3.3689   1.6919  -0.2607  -2.4419   0.4535  -4.9984   1.6394  -0.2189
   1.4006  -1.4090  -0.3733   0.5201  -1.9967   3.8291   2.1273  -3.6889   2.6153   3.0146
   3.6163   2.6533   2.3600  -0.0841   4.7654   3.3569  -4.5143  -1.8585   3.0975  -4.3945
  -3.0448   3.0584  -2.8681   4.5414   1.6738   2.8293  -3.9854  -2.4185  -3.5766  -0.0623
  -4.2140  -1.3988  -2.0478  -1.8142  -2.1839  -1.4815   2.1316  -1.0462   0.9150   1.2199
   1.4626   2.9818   0.7398  -2.0388   0.1916   1.9889  -2.0081  -1.3340  -2.0025  -0.3629
   1.4094   3.7445   4.8888  -3.9951   2.6150   2.8090   1.1456  -3.8004   2.2414   1.1151
>b (rhs) data
  -27.2552
  -16.7388
   -0.9542
   41.3342
   22.8292
   16.6155
  -46.2500
  -34.1113
   -4.7990
  -21.4310
   47.3098
   45.8499
   22.3688
  -10.1555
   16.3630
>c (costs vector) data
   2.2032
   2.2264
   1.0439
   1.1482
   1.2528
   3.2341
   0.9223
  -4.1331
  -0.9384
   3.8881
>Status flag:
UNBOUNDED