# Randomly generated test case
# Case number: 24; Generated: Wed Dec 31 19:00:00 1969

# Parameters: n=10, m=20, a=10,b=100
>epsilon -- precision parameter
0.01
>A matrix data
  -2.3683  -1.2782  -4.2661   2.2428  -1.8934  -0.5694   2.1730   4.0896   2.7363  -1.9180
  -2.5988  -2.0284  -1.0932  -0.0349   0.7863   0.1154   2.4086  -0.5778  -2.3421  -2.9785
   4.9455  -4.3044  -3.7460  -1.5623  -4.9041  -4.8498   2.6243  -0.6271  -0.1189   2.9079
   3.0771  -4.5930  -0.5005   2.5186   3.3137   2.6497   0.6015  -0.5383  -4.4368   2.3621
   4.7111  -0.4281  -0.1539   2.6265  -2.2215   2.7333  -4.5140  -4.4801  -2.4021  -2.6457
   2.0557  -3.6663  -4.3485   2.7380  -0.8142   3.4298   1.0715   0.4312   1.3471  -4.2974
   4.3906  -2.6166   3.6925   0.7272  -4.4516  -4.5686   0.8087  -3.7265   4.3040  -4.2277
   0.2575   1.3254   3.0485  -3.0247   2.2374  -0.2760   3.3269  -2.7620  -4.5207  -4.9955
   2.3482  -2.9609   3.7689   4.2676  -4.1341  -3.9551  -4.1467   3.4196   2.2225   2.4124
  -4.6720   1.3131   0.4775   1.5870   1.8885   0.8856  -0.7810   1.9541   0.8719   1.4228
  -1.0000        0        0        0        0        0        0        0        0        0
        0  -1.0000        0        0        0        0        0        0        0        0
        0        0  -1.0000        0        0        0        0        0        0        0
        0        0        0  -1.0000        0        0        0        0        0        0
        0        0        0        0  -1.0000        0        0        0        0        0
        0        0        0        0        0  -1.0000        0        0        0        0
        0        0        0        0        0        0  -1.0000        0        0        0
        0        0        0        0        0        0        0  -1.0000        0        0
        0        0        0        0        0        0        0        0  -1.0000        0
        0        0        0        0        0        0        0        0        0  -1.0000
>b (rhs) data
   -3.3294
   12.1722
   43.0088
   14.3059
  -10.9998
   10.6462
   -2.2973
   43.1451
   11.6350
  -18.8066
         0
         0
         0
         0
         0
         0
         0
         0
         0
         0
>c (costs vector) data
   0.8188
   0.1621
   0.1975
  -4.6645
  -1.2792
  -1.1514
  -3.2402
   3.8858
  -3.5872
  -4.7135
>Status flag:
UNBOUNDED