# Randomly generated test case
# Case number: 28; Generated: Wed Dec 31 19:00:00 1969

# Parameters: n=10, m=10, a=10,b=100
>epsilon -- precision parameter
0.01
>A matrix data
   3.3651  -3.6758  -3.2501   2.5673  -2.7534   2.2075  -4.6274   0.3742  -2.9472   2.7523
   4.8762  -0.9642  -1.1794   0.0218  -1.2395   1.4558  -0.1235   1.1499   1.3920   0.5773
  -0.0233   0.7587  -2.4621   1.3011  -0.4756   4.4139  -2.7091   4.8081   0.9703   3.0451
   2.1270  -2.3711   2.1918   3.4065   1.1253  -1.4604   2.9255  -0.8950   0.0195  -0.3538
   2.3325  -0.4659  -0.0521  -0.7876   0.6274  -1.4069  -1.6089  -0.1587   4.3709   1.0009
   3.2331   3.5514   0.4550  -3.5173  -3.3348  -3.1935  -3.4228   1.1521   2.2156   2.2028
  -3.1782  -2.3459   1.0591   4.7454  -4.0396  -0.3911  -2.0052  -3.4024   1.6220  -3.2716
  -1.3898   4.3385   0.5293   2.5786   1.5539  -4.7780  -4.1116  -3.8148   4.9332   0.3100
   3.0221   2.7807  -1.1350   4.0932   1.5489  -2.1591   2.2483  -3.7278  -4.1196  -0.2043
  -4.3510   2.6408  -4.8069   0.6582  -0.6525  -3.4576  -1.2417   2.3433  -2.3075   0.7009
>b (rhs) data
   47.0184
  -34.6799
  -38.9641
   35.0143
  -41.4681
   39.1940
   12.7847
   29.8113
    7.4601
   19.2423
>c (costs vector) data
  -1.6188
   0.8122
   2.8687
  -2.9808
   1.9309
  -3.5231
   2.1385
   0.7348
  -4.4458
   2.7907
>Status flag:
UNBOUNDED