# Randomly generated test case
# Case number: 8; Generated: Wed Dec 31 19:00:00 1969

# Parameters: n=10, m=20, a=10,b=100
>epsilon -- precision parameter
0.01
>A matrix data
   2.9032   2.1049   3.1352  -1.3468   0.3649  -2.4186  -0.1081   1.5140  -3.0465  -2.3611
  -1.7546  -2.1646   3.0410   1.0966   4.7525   0.7879   2.6157   0.1648   1.4006  -4.8005
   0.7062  -3.3175  -1.6029   3.7634  -4.1598   0.8821   4.0294   3.8308  -3.1810   3.2734
   4.3738   0.4711  -1.9908  -1.2239  -3.0762  -3.2669  -2.8739   2.1617   2.5816  -2.3679
  -0.9861  -0.3882   2.6379  -2.4668   4.0873  -0.5846   1.3513  -1.5734  -4.1839   0.0710
  -4.4651  -0.6769   4.6467  -4.8871   3.6301   2.5264   3.6615   1.1989   0.2749  -2.9009
   3.6321   4.5115  -0.6440  -2.5313  -4.5504  -1.9120  -1.0475  -4.1195  -0.1771   1.0726
  -1.6503  -0.1268  -4.9578  -4.8290  -3.0955   4.6842  -4.7019  -1.4822   3.9038  -0.7827
  -0.1372  -3.3107   0.4271   3.2833  -2.4865   2.0948   3.0216   2.1312  -0.1148   3.1786
   3.7129   0.0105  -4.9951   2.0156   3.4535   3.0966   3.8004  -3.0611  -1.4368  -3.0985
  -1.0000        0        0        0        0        0        0        0        0        0
        0  -1.0000        0        0        0        0        0        0        0        0
        0        0  -1.0000        0        0        0        0        0        0        0
        0        0        0  -1.0000        0        0        0        0        0        0
        0        0        0        0  -1.0000        0        0        0        0        0
        0        0        0        0        0  -1.0000        0        0        0        0
        0        0        0        0        0        0  -1.0000        0        0        0
        0        0        0        0        0        0        0  -1.0000        0        0
        0        0        0        0        0        0        0        0  -1.0000        0
        0        0        0        0        0        0        0        0        0  -1.0000
>b (rhs) data
   29.6083
  -46.6678
  -17.3268
  -25.7089
  -42.4493
   14.6080
  -11.8306
   35.1623
   21.4727
  -37.3007
         0
         0
         0
         0
         0
         0
         0
         0
         0
         0
>c (costs vector) data
   1.0219
  -0.9133
   1.3238
  -3.6567
   2.7042
   3.3957
  -4.3285
  -4.5196
  -0.4622
  -3.2516
>Status flag:
UNBOUNDED