# Randomly generated test case
# Case number: 21; Generated: Wed Dec 31 19:00:00 1969

# Parameters: n=10, m=15, a=10,b=100
>epsilon -- precision parameter
0.01
>A matrix data
   2.1125  -4.9374  -3.6949  -4.1884   0.5464   1.7924  -0.3415  -3.7295  -1.6904   0.8221
  -3.4795   2.0018   3.0463  -0.6571   2.5033   0.7278  -1.0682   2.0196  -1.9534  -4.6976
   4.7555   2.6854   4.3750  -3.0332  -4.6791  -2.9971  -3.4600  -1.0117   4.6895  -0.7948
  -0.5311   2.6116   1.9660  -4.0815   1.9501   2.4154   4.3384  -0.6354   1.4636  -1.7655
  -4.5758  -2.0049   4.4715   1.2777   2.1631   2.9805  -4.8010   3.6460   0.6666  -2.8514
  -1.0000        0        0        0        0        0        0        0        0        0
        0  -1.0000        0        0        0        0        0        0        0        0
        0        0  -1.0000        0        0        0        0        0        0        0
        0        0        0  -1.0000        0        0        0        0        0        0
        0        0        0        0  -1.0000        0        0        0        0        0
        0        0        0        0        0  -1.0000        0        0        0        0
        0        0        0        0        0        0  -1.0000        0        0        0
        0        0        0        0        0        0        0  -1.0000        0        0
        0        0        0        0        0        0        0        0  -1.0000        0
        0        0        0        0        0        0        0        0        0  -1.0000
>b (rhs) data
   44.3445
  -22.5296
   -6.3785
   22.5391
  -37.2257
         0
         0
         0
         0
         0
         0
         0
         0
         0
         0
>c (costs vector) data
   1.9582
  -3.2279
   0.3947
  -0.5096
   0.7716
   2.7136
  -1.6056
   2.8110
  -1.6705
   2.3202
>Status flag:
UNBOUNDED