# Randomly generated test case
# Case number: 12; Generated: Wed Dec 31 19:00:00 1969

# Parameters: n=10, m=10, a=10,b=100
>epsilon -- precision parameter
0.01
>A matrix data
  -0.9115  -2.1959  -1.2632   1.0077   3.7416   2.0438   0.9240   3.9354  -4.8762   1.6358
   1.7331  -0.4794  -2.5987  -2.2776  -3.7700  -0.1661   4.0572   2.0031   3.0051  -4.0769
  -4.1862  -0.0351  -2.5411   4.3838   1.0108   3.9918   2.7793  -2.9762  -0.5278  -0.8834
  -0.9284   0.8568  -3.6955  -3.0227   4.0560   1.4418  -3.1647   1.2242   0.2413   2.5901
   1.4397   3.5655   2.6260  -4.1321  -1.2135   3.5657  -2.3195  -2.5770  -4.2204  -3.3670
  -4.2325   3.0804   0.4257   2.5160  -1.8216  -1.5346   3.3719  -1.1363   3.6122   2.1205
   1.5332  -4.7684   1.3442  -3.8972   3.3413  -2.6259   0.5998  -4.3284   4.9626   4.8646
   3.5067   4.8975  -3.3616  -0.3934  -3.8053   4.3724  -1.5161  -1.8799  -4.1917  -1.0465
  -1.5144   2.4243   0.7892   3.7556   1.3899   0.7890   0.3207   1.7254  -4.4658  -3.7753
   1.0058  -3.4263  -1.1527  -0.2664   1.9753  -2.3692   2.3562   3.8194  -0.9473   2.3703
>b (rhs) data
  -19.3243
    1.4733
   -8.8411
    0.5349
   26.5085
  -19.1629
  -45.3223
  -10.8403
   35.0229
  -46.0700
>c (costs vector) data
  -3.5048
  -3.9338
   3.9510
   4.9869
  -0.3317
   1.8440
   0.8597
  -2.4386
   4.8149
   0.6610
>Status flag:
UNBOUNDED