# Randomly generated test case
# Case number: 17; Generated: Wed Dec 31 19:00:00 1969

# Parameters: n=10, m=20, a=10,b=100
>epsilon -- precision parameter
0.01
>A matrix data
   4.6327  -1.9105  -1.9509  -2.5039  -2.5379  -3.0464   1.2151   1.6810  -3.8285  -4.9416
  -1.7968  -2.1829   4.8791   2.9423  -2.3446  -2.9802   3.0057   4.1229  -0.2934   2.0063
  -1.5520   2.0191   2.4671  -3.6765  -4.8835   1.8794   1.5334  -3.8011  -4.8677  -4.5784
   3.2685   4.3585   0.2836  -0.4906  -3.2894   3.3419   4.9773  -1.5974  -2.2474  -3.6465
  -2.2273  -0.2296   4.0549   2.4774   3.8375  -0.5247  -0.5143  -1.6064   0.0651   4.1231
  -1.5841  -2.3918   3.6932   2.1381   3.6972  -1.5196  -2.9724   4.3160  -0.1339   4.7929
   0.3675   0.1119  -3.2695   3.5609  -1.8273   0.3337  -1.5402   1.2420   4.6718   2.8086
   3.5115  -0.1092  -3.6103  -0.6218   4.7809  -3.6593  -0.8779   4.9102   1.7463  -0.9217
   1.5118   0.7743   2.9128   1.3205  -0.8420   4.7063  -4.3377   0.9483   1.6996  -2.4663
  -3.1718  -1.6044  -4.9536   0.3207   1.3737   4.2140   0.2167  -0.2565   2.1926   1.4043
  -1.0000        0        0        0        0        0        0        0        0        0
        0  -1.0000        0        0        0        0        0        0        0        0
        0        0  -1.0000        0        0        0        0        0        0        0
        0        0        0  -1.0000        0        0        0        0        0        0
        0        0        0        0  -1.0000        0        0        0        0        0
        0        0        0        0        0  -1.0000        0        0        0        0
        0        0        0        0        0        0  -1.0000        0        0        0
        0        0        0        0        0        0        0  -1.0000        0        0
        0        0        0        0        0        0        0        0  -1.0000        0
        0        0        0        0        0        0        0        0        0  -1.0000
>b (rhs) data
  -17.3746
    5.6043
  -45.5447
  -18.7646
  -34.5379
   15.2812
  -19.0137
  -15.9597
   11.4088
  -49.7618
         0
         0
         0
         0
         0
         0
         0
         0
         0
         0
>c (costs vector) data
   2.4049
  -4.8996
  -1.0631
   0.0590
  -3.9851
  -3.2919
  -1.6698
  -1.8203
   3.8567
  -0.3028
>Status flag:
INFEASIBLE