# Randomly generated test case
# Case number: 9; Generated: Wed Dec 31 19:00:00 1969

# Parameters: n=10, m=10, a=10,b=100
>epsilon -- precision parameter
0.01
>A matrix data
  -3.5433   4.3283  -0.3516  -2.6674   1.8475  -2.1857  -1.7452   1.9616  -1.5446   4.3036
  -2.6004   0.7581  -3.5523  -1.4866  -3.3791  -3.3343   4.4917   0.4628   2.9927   3.4486
   4.7998  -4.4047   3.4298  -0.7213  -4.1564  -3.7002   0.0949   2.3368   0.2351  -4.7676
   0.5682   1.1850  -3.8196   2.8018  -1.6261  -4.8011   1.7335   4.2932  -4.1531   2.3582
   1.1130  -3.0744  -2.1196  -0.3854  -4.0741   0.3315  -3.4034  -3.2771   2.8113  -0.1083
   0.6913   3.2165   0.7498  -3.7959  -3.1182   0.6534  -3.4169   1.4898  -2.6757  -2.7241
  -0.3540   2.8781  -3.1794  -3.8921  -2.7421  -0.5750  -1.9326   3.3865   1.4632  -3.2957
   2.2901  -3.8193   4.6741   2.3913   4.7557  -4.8536   1.4612  -3.1484   3.0403   3.6390
  -4.7266   4.3863  -1.2267  -2.8188   0.0796   4.8167  -2.9891  -3.5799  -4.2551  -2.2202
  -4.9315   2.9249  -1.2198  -1.9867   1.5369  -1.1695   2.3135   3.9309  -2.1412  -0.7138
>b (rhs) data
   36.6245
  -33.1818
   18.9523
  -47.9131
   23.7824
    2.3202
   47.3149
    1.0810
  -38.9784
   27.6141
>c (costs vector) data
   1.5475
   3.3207
   0.3556
   4.4506
  -4.5000
   4.9878
   2.5372
   2.1613
  -4.4765
  -0.7852
>Status flag:
UNBOUNDED