# Randomly generated test case
# Case number: 20; Generated: Sun Nov 19 05:44:16 4461606

# Parameters: n=10, m=15, a=10,b=100
>epsilon -- precision parameter
0.01
>A matrix data
   0.6362   2.6704  -3.4261   0.4649  -2.6118  -2.6992  -1.8450  -3.8732   1.2891   0.0316
   2.4064   3.0741  -3.6636  -1.4285   0.6477  -4.0147  -1.8364   2.1323  -0.6715   3.2996
  -1.8114  -2.0904  -2.5713   0.5165   4.1712   4.0983  -0.8535   1.3475  -4.9901   3.5736
  -1.9368   2.6142   4.0418  -2.1396   2.1725   1.9477  -3.7527   3.1392   1.0143  -1.6333
  -1.9122  -1.4806   0.3644   0.1191  -4.9601  -4.0201   1.3557  -1.1699  -3.9057  -3.4836
  -2.8340  -0.9059  -2.4328   3.1014   1.8184   3.2184   4.6816  -0.7790  -0.0885   0.4120
   1.5169  -0.0590   1.3924   4.5184  -2.5426  -2.8952  -4.3706  -2.7775  -1.8188   3.4839
   1.4320   2.9211   0.7326  -2.3398  -2.2753  -3.7061   3.6264  -2.2538  -1.8047  -4.7027
   1.7767   0.3300  -4.9503   1.3569   4.1167   3.6180   1.7360  -2.8825  -1.7015  -2.7965
  -1.1862  -2.9361  -3.3768  -1.5204  -0.0712  -4.9665   0.2430   2.1646   2.3234  -1.9771
  -1.5193  -2.2617   2.2206   4.2483   0.0416  -3.1558   0.0116   0.7517   0.2012  -1.5186
   3.8718  -0.9131  -3.3103   0.4335   1.0861   4.4734  -1.2691  -2.8976   0.4599  -3.4131
   1.9987   1.4674  -3.5411  -3.1997  -3.2079   3.5150  -4.1541  -0.1255  -3.9877  -3.9394
  -4.5465   3.3863   0.2157  -3.9219   1.2826   2.4465   2.8886   4.4980  -4.2617  -4.4788
  -0.8583  -0.7759  -0.3054  -3.7385   3.6284  -3.3468   1.4145   3.8805  -2.0275   2.5523
>b (rhs) data
  -28.2002
   28.5052
  -32.6662
  -48.5720
   43.4548
   26.0115
  -46.9716
    0.5266
   26.8556
  -43.2518
   19.3990
  -13.4077
  -19.3991
  -17.5921
    9.1959
>c (costs vector) data
   3.0191
  -3.9621
   0.8894
  -1.0824
  -3.6917
   0.0322
   4.9520
  -0.9073
   2.0959
   3.5268
>x -- known optimal solution
   11.1459
    4.0577
    0.2692
   -1.9668
   -9.0489
    7.0565
   13.7547
    8.0771
    5.7896
   10.1537

# Optimal objective: 162.304
