# Randomly generated test case
# Case number: 28; Generated: Wed Dec 31 19:00:00 1969

# Parameters: n=10, m=15, a=10,b=100
>epsilon -- precision parameter
0.01
>A matrix data
  -4.9153   3.6732   0.4974   4.3328  -1.8320   1.6276   2.4767   3.2350   2.6681  -4.2693
  -0.3453   2.2540   2.6912   4.1920   0.7427   0.8647   4.7957   3.5585   1.8451  -2.3845
   2.0009   3.2847   1.9406   4.7768   3.1561  -3.5463  -0.7765   2.9213   3.1398  -4.1000
   4.5441  -2.5661   3.2254   3.7061   1.8890   0.3323  -3.8698   2.8294  -0.3463  -3.8373
  -1.2065   1.5973   0.3841   2.7201  -3.0894   1.3450   1.0509   1.7538  -4.0746   3.7401
  -0.1897  -2.8556   2.3113   3.3915   1.2611  -3.3084  -3.6175   4.7671  -1.9494  -1.2844
  -4.8537   4.7867   2.7827  -3.6065   4.2800  -4.7881   3.6677  -1.2761  -3.4757  -3.4738
  -0.3098  -0.0660   4.0594   2.2452  -4.6340   2.6368   3.8831  -1.4375   1.6762   0.1412
  -3.6752  -0.7351  -1.8541   3.0988  -4.0713  -0.8014   2.6582  -0.0802   3.7267   3.3070
   4.2118  -0.2136   1.8963   1.1370  -3.3763  -3.9512  -3.9849   0.1629  -4.9407  -0.8433
   0.6677   4.1160   4.8475  -1.7869   0.7891   4.2968  -3.3533   4.3215  -2.4342  -0.2014
   3.7903   3.5425  -1.5577  -2.0514   3.7435   1.1377  -0.0846   0.3879   3.9089  -0.5253
  -4.3136   1.8002   3.1334  -2.9696   3.6683   4.6573   2.6577  -2.8130   4.5812   1.7955
  -1.9296  -2.7171  -1.2792   1.9276   3.0748  -4.9011   1.8593   4.1515   1.7014  -2.4516
   3.8813  -0.7363   2.0294   1.9379  -0.7675   4.1599  -4.7751   1.3587  -0.9548   4.8235
>b (rhs) data
    4.7263
  -43.6711
   46.9164
  -40.0042
  -10.3556
   41.8307
  -42.4526
  -41.0697
   26.7120
   11.5406
   12.3812
   -9.6315
  -47.0769
   39.4587
   16.7307
>c (costs vector) data
  -2.2315
   3.0336
  -2.7513
  -3.7288
  -3.7766
   4.5776
   3.2751
   0.4730
  -4.8620
   2.3819
>Status flag:
UNBOUNDED