# Randomly generated test case
# Case number: 18; Generated: Wed Dec 31 19:00:00 1969

# Parameters: n=10, m=10, a=10,b=100
>epsilon -- precision parameter
0.01
>A matrix data
  -3.0755  -2.4699  -1.7378   4.9761  -1.6007   3.5468  -2.5363   1.4683   1.1524  -3.7862
   0.0973  -3.0106   1.7279  -3.1079   1.0720  -3.6902   1.1143   3.9068  -4.0384  -1.6217
   3.9439  -1.1423   0.0124  -2.3205  -0.4698  -1.0124   0.0118  -0.4870  -4.7653   3.3358
  -0.8190   2.2189   0.4515   2.1661   3.0388  -3.5928  -4.2333   3.9317  -3.1524   1.5193
  -3.2254   0.4312  -1.4998  -0.2889  -4.9377  -1.8212   0.3347   1.1421   3.8495  -0.0233
  -4.4021   2.6858   4.4271   2.9636   3.4639  -3.2975   3.6227   0.6453   3.1656   0.8395
   1.1798   0.5807   1.8937   0.0854   2.7892  -2.5488  -4.9716   1.2266  -2.3914   4.7309
  -2.4248  -4.8446  -1.9832  -0.2134   3.3049  -2.8988   4.1085   4.9915  -3.6279   0.1594
   1.9213   4.0865   1.5919   2.2895  -0.8838   0.9273  -4.7467  -3.8412   0.9300  -2.0763
  -1.6216  -2.0747   0.8861   2.2973   4.0713   3.2808   0.9281   4.6499  -1.8219  -4.6658
>b (rhs) data
    4.7697
   49.6741
    0.6361
  -25.6451
   20.8984
   40.4966
  -44.0702
   48.1183
   12.4443
  -44.7117
>c (costs vector) data
   0.3089
   1.7984
   3.5310
   1.6636
  -0.3384
   4.7181
  -0.9195
  -0.8457
  -4.2613
  -3.4770
>Status flag:
UNBOUNDED