# Randomly generated test case
# Case number: 37; Generated: Sun Nov 19 05:44:16 4461606

# Parameters: n=10, m=15, a=10,b=100
>epsilon -- precision parameter
0.01
>A matrix data
  -0.1775   1.1488   4.6950  -0.9382  -3.9548   4.8324   4.7710  -1.8504  -4.1137   1.4515
  -4.9195  -4.7649   0.6215   2.3190   0.7845   1.1434   0.6241   1.9219   0.3711  -1.7083
  -3.5703   2.2278   1.9068  -0.7630   4.5101  -2.7012  -3.0566  -1.7848   3.8985  -2.8354
  -1.1432   3.0065   2.3286  -1.3891   2.9160  -3.0448   3.1030   3.8039  -3.6845   1.2848
  -3.3261   2.3972  -2.2442  -3.0080   2.7988   4.5443   3.4696  -2.8537  -0.0591   3.6120
  -1.6566  -4.8210  -4.9634   4.0363  -1.4757  -1.1442  -2.1917   4.9709  -0.9213  -3.7264
   0.6797  -0.7032  -2.0446   3.5139   4.6613  -4.9617  -2.9912   0.5614  -0.5677   4.3009
   1.6263   1.0121   2.4764  -0.0048  -0.2547   1.3596   2.9265  -0.2779   2.6029   3.6252
  -0.6990   1.0924  -3.6117   2.5670   0.6520  -4.2453   3.6589  -3.3760  -4.2691   0.8586
   1.6682  -3.4035   0.5159  -1.4885   2.6146  -3.2087   0.9168  -1.9587   0.4714  -4.2613
   0.3031   4.6955  -2.4200   2.5942  -1.2200  -3.3173   3.6673   2.1648  -3.7574  -4.3689
   1.5612  -0.8495  -2.6242  -0.2598   4.3073  -0.3369  -0.1943   3.5960   3.1340  -1.6650
  -2.4952   1.3469  -0.5065   0.8252  -1.3925  -1.9356   3.0181  -2.6126   3.9708   2.4174
   0.2869   2.6219  -2.9504   3.9597   4.1216  -1.0363   1.1278  -0.0423  -4.0669   3.5596
   0.5086   2.5013   0.7796  -1.5464   4.1425   4.3752   4.0846   0.1066   4.7169  -3.3174
>b (rhs) data
  -40.5420
   22.9016
   40.1342
   38.2462
  -30.1033
   28.4570
  -19.8612
   26.6834
   29.1762
   20.7369
   45.5252
   -2.9191
   23.3270
   29.8278
    0.4187
>c (costs vector) data
  -4.2202
   1.8229
   0.3584
   0.7671
   0.9895
  -3.7348
   1.4918
  -4.3950
   4.3612
   1.8769
>Status flag:
UNBOUNDED