# Randomly generated test case
# Case number: 11; Generated: Wed Dec 31 19:00:00 1969

# Parameters: n=10, m=25, a=10,b=100
>epsilon -- precision parameter
0.01
>A matrix data
   3.7300   0.0628  -3.4872  -2.5419   2.9383  -1.4964  -4.3663   4.5672  -0.8574   4.1272
  -0.4423   1.7560   0.3217   1.3486  -0.4224  -2.0241   4.3956  -1.2206  -3.9440  -0.0455
  -4.0945  -2.6407   1.0564   2.6008   2.6559   2.2439  -2.7031  -2.5262   1.3997  -3.9502
   2.9781  -2.5104   3.9943   1.0007   1.5670  -3.0017   3.7142  -3.3977  -2.2335  -4.7148
  -3.1130   4.3664   4.8860  -1.1389   4.8602   2.9438   4.0240  -3.1280   4.6614  -2.2624
  -2.3678  -4.9376  -3.7404   1.3534   1.2960  -0.7589  -0.9664  -4.6208   2.1382   3.2277
  -1.1002   4.1516   0.9130   0.3292  -4.9732  -4.2125  -2.9832  -4.1383  -4.3733   4.8675
  -4.8237   1.9136   0.3746   0.3421   2.9087   3.6485  -1.6264  -2.7200  -4.1622   0.3684
  -4.7028  -0.8177  -1.7884   0.7364   4.5721   4.7024   0.4725   0.8607  -2.3668   4.1946
  -4.0030  -2.1822  -0.7616  -4.4240  -1.7425   3.8452  -0.7248   4.8975   3.9661  -2.1399
   0.6911   3.3358  -2.1738  -4.0729  -3.9848   0.3848  -0.1696  -0.2131  -4.6392  -2.9165
  -1.8285  -2.6978  -3.8906  -2.6299  -3.0194  -4.3797   3.4740  -1.4183  -0.0683  -0.0240
  -1.1561  -2.0640  -4.2436  -3.7045   3.7930   1.6605  -0.7828   0.9817   0.6557  -1.2533
  -1.6956  -1.5114  -2.4489  -3.6709  -3.2868   4.2764   3.5490   3.5265   3.4689  -1.3121
   0.9062   4.6837  -0.2457  -2.3606   1.0512   3.7125   4.0899  -3.8458   3.0407   4.0230
  -1.0000        0        0        0        0        0        0        0        0        0
        0  -1.0000        0        0        0        0        0        0        0        0
        0        0  -1.0000        0        0        0        0        0        0        0
        0        0        0  -1.0000        0        0        0        0        0        0
        0        0        0        0  -1.0000        0        0        0        0        0
        0        0        0        0        0  -1.0000        0        0        0        0
        0        0        0        0        0        0  -1.0000        0        0        0
        0        0        0        0        0        0        0  -1.0000        0        0
        0        0        0        0        0        0        0        0  -1.0000        0
        0        0        0        0        0        0        0        0        0  -1.0000
>b (rhs) data
   46.1217
  -22.8737
    2.4893
  -43.6433
    6.1744
   27.5950
    4.5985
  -33.9850
   29.2534
   34.2872
   25.5053
   49.2779
   15.6487
  -18.3638
  -42.5373
         0
         0
         0
         0
         0
         0
         0
         0
         0
         0
>c (costs vector) data
  -2.0751
   1.7981
   4.0108
   0.4430
   1.0027
   2.2640
  -3.2510
   1.4714
  -0.6552
  -4.8997
>Status flag:
UNBOUNDED