# Randomly generated test case
# Case number: 7; Generated: Wed Dec 31 19:00:00 1969

# Parameters: n=10, m=20, a=10,b=100
>epsilon -- precision parameter
0.01
>A matrix data
   0.3610  -2.6612   0.9085  -1.3922   1.2594  -4.0288   3.0482   0.6850   4.0083   4.0531
  -2.5829   0.4559  -2.2981  -2.5675   4.1108   1.0744   0.9721  -0.0507  -2.0007   3.4130
   4.0950  -0.2524   4.4038   0.2597   4.5404   4.8102  -2.5792  -2.7986  -4.7859  -1.7226
  -4.9008  -1.6801  -1.2927  -4.6138   3.1257   1.6275   1.9539  -3.3574   2.3321  -2.2242
   4.8312  -1.1019   0.0865   4.7438  -4.7966  -3.4627   1.7006   4.7489   1.9148   0.4504
   0.4741   0.6449   2.5217   1.3146   3.4582   2.6987   4.6852  -1.5072  -3.9697  -2.2397
   0.0077  -1.5614  -4.6835  -2.0818  -0.4502  -0.6837   4.8388   1.3197   4.7245   4.5279
  -2.4814   3.5747  -0.5277   4.9486   2.1317   4.0997   1.3661   0.2627   3.7204  -3.0744
  -2.0084   2.7553  -4.9975   0.1372   1.3110  -4.3578  -1.2695  -1.7762  -2.0443  -4.4639
   2.0008  -2.8888  -0.6068  -3.9840   3.9183   4.7112   3.7792   0.5936   4.0458   3.0856
  -1.0000        0        0        0        0        0        0        0        0        0
        0  -1.0000        0        0        0        0        0        0        0        0
        0        0  -1.0000        0        0        0        0        0        0        0
        0        0        0  -1.0000        0        0        0        0        0        0
        0        0        0        0  -1.0000        0        0        0        0        0
        0        0        0        0        0  -1.0000        0        0        0        0
        0        0        0        0        0        0  -1.0000        0        0        0
        0        0        0        0        0        0        0  -1.0000        0        0
        0        0        0        0        0        0        0        0  -1.0000        0
        0        0        0        0        0        0        0        0        0  -1.0000
>b (rhs) data
   -0.3228
   48.9769
   29.9383
   46.4708
  -31.2209
   -0.5333
    3.1141
   23.3345
   35.5139
   33.3610
         0
         0
         0
         0
         0
         0
         0
         0
         0
         0
>c (costs vector) data
   1.4507
  -1.9103
   1.4612
   2.3099
  -0.9990
   0.4978
  -0.1288
  -2.1768
   4.1808
   0.5647
>Status flag:
INFEASIBLE