# Randomly generated test case
# Case number: 27; Generated: Wed Dec 31 19:00:00 1969

# Parameters: n=10, m=20, a=10,b=100
>epsilon -- precision parameter
0.01
>A matrix data
   2.3491   2.7628   2.2483   4.8819  -4.3402  -2.5713   3.3570   0.7335   1.2288  -0.5702
   2.0580   4.7409   3.6096  -1.7087  -4.6501   2.1121   0.3077  -0.8086  -1.6183   0.1704
  -3.3852  -3.7946   1.9403   0.6870   2.9603   3.8608  -2.4611  -0.8297  -1.4211   4.2109
   4.7912  -2.9705  -2.5649   0.0591  -2.1368   4.7086  -4.5066   0.2172   1.3724   4.8565
   1.8946   1.7112   4.8580  -1.4736   1.8757  -4.0133   4.2454   3.7477  -2.7336   2.2711
   4.2134   2.4810  -0.8279  -3.3438   1.0273  -0.0175  -1.9138  -2.6546   4.3181  -0.3440
   3.9814   0.9086   3.3069  -4.3499   1.4593   2.7910  -3.3289  -3.6052  -0.0499  -2.4049
   1.2354   4.0199   4.4622   3.2825   4.5698  -4.1452   0.6655   4.2268  -0.5152   3.4681
  -3.9144  -0.4198   4.0833  -3.5058  -4.6350   3.1923  -4.3163   2.2185   0.3680   3.8599
   4.2635  -2.6365   0.0965   2.2531  -1.6945   2.2468  -0.2847   4.9390  -3.8727   4.3199
  -1.0000        0        0        0        0        0        0        0        0        0
        0  -1.0000        0        0        0        0        0        0        0        0
        0        0  -1.0000        0        0        0        0        0        0        0
        0        0        0  -1.0000        0        0        0        0        0        0
        0        0        0        0  -1.0000        0        0        0        0        0
        0        0        0        0        0  -1.0000        0        0        0        0
        0        0        0        0        0        0  -1.0000        0        0        0
        0        0        0        0        0        0        0  -1.0000        0        0
        0        0        0        0        0        0        0        0  -1.0000        0
        0        0        0        0        0        0        0        0        0  -1.0000
>b (rhs) data
   45.6957
   11.0294
    0.3002
  -27.9078
  -34.8597
  -43.5259
   -2.9118
  -18.2064
    6.1585
  -41.1300
         0
         0
         0
         0
         0
         0
         0
         0
         0
         0
>c (costs vector) data
   0.1499
  -0.7342
  -2.0624
  -2.8770
  -3.9195
   3.7980
  -3.2689
   1.7861
   1.4882
   2.3946
>Status flag:
INFEASIBLE