# Randomly generated test case
# Case number: 38; Generated: Wed Dec 31 19:00:00 1969

# Parameters: n=10, m=10, a=10,b=100
>epsilon -- precision parameter
0.01
>A matrix data
  -4.0943  -0.3395   3.3187   4.1096   1.5272   4.7798  -4.7512  -1.9727  -2.5978  -2.9553
   2.5447  -4.4519   4.9525   0.7574  -3.0741  -3.7410  -1.7859  -2.1602   2.7612  -1.0262
  -4.1084  -3.1342   4.9596   2.1633  -4.6242   1.8562   1.6719  -2.1981   4.7655  -2.0163
   4.7708   1.6714  -4.7014  -4.4196   0.1015   3.0010   1.6360   3.1555  -2.7572   0.0588
   2.9321  -2.4341   0.4481  -4.0578   0.5232   4.9683   0.2689  -4.4977  -4.3912  -3.9929
  -3.0222  -3.7004   4.2330  -0.1142   2.3604  -0.4619   0.8350   3.3008   3.3186   2.8612
  -4.9810  -0.2088  -3.9622   4.5708   1.2959   4.0536  -4.4026   3.8444   2.8891  -2.4660
   2.7110  -1.3223  -2.4440  -0.9659  -4.7981  -0.2685   3.1047  -3.8390  -0.5699  -0.8818
  -3.4684   2.6541  -2.6616   1.8009  -1.0977  -1.0809  -0.0363  -0.8845   0.2129   3.7876
   1.9624  -0.8789   1.9577   1.5324   1.7129   4.0955   4.8426  -3.8526  -3.3981  -3.0088
>b (rhs) data
   35.6151
  -35.0888
  -19.6199
   46.3132
  -41.7702
  -23.4474
   44.7604
   13.8572
   -0.6991
  -36.5010
>c (costs vector) data
  -3.5224
  -3.6886
  -4.3655
   0.9231
  -2.8494
   3.1778
   2.4767
   2.6476
   4.8688
  -0.2822
>Status flag:
UNBOUNDED