# Randomly generated test case
# Case number: 47; Generated: Wed Dec 31 19:00:00 1969

# Parameters: n=10, m=20, a=10,b=100
>epsilon -- precision parameter
0.01
>A matrix data
   2.5469   1.2523   3.2395  -0.6432   0.2358  -0.9346   3.2319   3.3808  -2.7955  -4.2274
  -2.2149  -0.3977   1.6834  -3.4056  -3.9427   3.7688  -2.1356  -0.6214   4.1979  -3.7559
  -3.7209  -2.8295  -4.4476  -4.4677  -1.9605   2.8542   3.9322  -2.1609   2.0724   0.0859
  -4.1864  -1.6079   3.2989  -3.2896   1.0865  -1.8301  -3.0487  -1.0688  -3.1050  -1.9353
  -4.5099  -3.5383  -4.4279  -1.0125   1.8300  -3.4112   1.5689   4.1576   1.0188   4.9471
   3.0845   4.5290   0.7213  -4.0939  -0.7293   3.3823  -0.5669   4.8309  -0.0269   3.1948
   4.7829  -1.4701  -4.7320  -0.1458   2.5247   2.0776   4.1929   3.8234   3.2709  -3.4889
  -1.0167  -2.2386   2.7856   3.6552  -4.1946  -2.0948  -3.3312  -4.8373  -2.0357   4.7587
   4.9366  -0.2551   3.1127  -4.1740  -1.1864  -2.3490   2.0554   2.7288   2.7825  -0.8362
  -4.7804   1.3469  -4.3048   4.7333   0.2428  -3.8922  -3.7385   3.9739  -1.8157  -1.8249
  -1.0000        0        0        0        0        0        0        0        0        0
        0  -1.0000        0        0        0        0        0        0        0        0
        0        0  -1.0000        0        0        0        0        0        0        0
        0        0        0  -1.0000        0        0        0        0        0        0
        0        0        0        0  -1.0000        0        0        0        0        0
        0        0        0        0        0  -1.0000        0        0        0        0
        0        0        0        0        0        0  -1.0000        0        0        0
        0        0        0        0        0        0        0  -1.0000        0        0
        0        0        0        0        0        0        0        0  -1.0000        0
        0        0        0        0        0        0        0        0        0  -1.0000
>b (rhs) data
  -31.6617
   35.5525
    6.0867
   24.1352
   22.3187
  -11.5238
   46.1098
   16.9799
  -25.4445
  -47.3278
         0
         0
         0
         0
         0
         0
         0
         0
         0
         0
>c (costs vector) data
  -2.5311
   2.8724
   2.7521
  -1.5190
  -0.3788
  -2.9461
   1.4364
  -2.4002
   2.6351
  -1.6818
>Status flag:
UNBOUNDED