# Randomly generated test case
# Case number: 34; Generated: Wed Dec 31 19:00:00 1969

# Parameters: n=10, m=20, a=10,b=100
>epsilon -- precision parameter
0.01
>A matrix data
  -3.2422   4.6764  -4.1710   2.1055   0.0568   2.2602  -0.8185   4.5867  -0.4852  -1.7737
  -1.0337   3.2994   3.6690  -4.6340  -1.1698   1.4998  -2.6978   3.8962  -2.5735  -0.8200
  -3.9233   4.6491  -0.1372  -4.7565  -3.6215  -4.9127   4.1712  -1.9342  -1.0906   0.2292
  -0.6025   0.3991   4.5549  -4.6942  -4.7785   2.6779  -1.2373  -3.5094   1.3371   2.6268
   1.7626  -3.7055  -4.1909  -2.6871  -2.6040  -4.4750   1.3570  -4.9158   1.7573   0.6792
  -4.7004   3.7137   1.3371  -3.8231  -1.3650   2.0453  -2.3597  -1.5876   1.8658   3.4542
   0.4855   1.3463   0.3799   0.2134  -0.4779  -1.9797  -1.2545   0.2973  -4.1561  -1.5189
  -0.7317  -2.4912  -0.1517  -1.3616  -2.7417   3.7386  -0.1842  -1.4553   3.5753   0.3101
  -4.4198   3.4805  -3.8938  -1.9907   1.8362  -2.0632  -4.8183   0.2376  -2.3806  -3.7649
  -2.1871  -1.2791   3.7340   4.2373   1.9496  -2.1419   1.4585  -3.8341  -4.1756  -4.4397
  -1.0000        0        0        0        0        0        0        0        0        0
        0  -1.0000        0        0        0        0        0        0        0        0
        0        0  -1.0000        0        0        0        0        0        0        0
        0        0        0  -1.0000        0        0        0        0        0        0
        0        0        0        0  -1.0000        0        0        0        0        0
        0        0        0        0        0  -1.0000        0        0        0        0
        0        0        0        0        0        0  -1.0000        0        0        0
        0        0        0        0        0        0        0  -1.0000        0        0
        0        0        0        0        0        0        0        0  -1.0000        0
        0        0        0        0        0        0        0        0        0  -1.0000
>b (rhs) data
   14.7208
  -32.1783
   35.2589
   45.6693
   10.3397
   44.4887
  -22.3968
   14.3568
  -49.4291
  -39.9191
         0
         0
         0
         0
         0
         0
         0
         0
         0
         0
>c (costs vector) data
  -1.2001
  -0.8992
   2.4734
   2.6781
   4.9884
  -1.5077
  -4.6415
   3.9480
  -0.8980
  -0.9207
>Status flag:
UNBOUNDED