# Randomly generated test case
# Case number: 45; Generated: Wed Dec 31 19:00:00 1969

# Parameters: n=10, m=20, a=10,b=100
>epsilon -- precision parameter
0.01
>A matrix data
  -0.0939  -0.1209  -0.6367   1.3650   3.8757  -0.9421   0.3126  -2.7541  -0.0392  -2.6441
  -4.8742   2.0764  -2.7805  -2.5909  -2.1571   4.6227   0.9197   0.0784   3.3543   1.1111
  -4.0582  -4.9645   4.7577  -2.3771   2.3693   2.2313   4.8265  -3.8340  -0.4656   0.9735
  -3.5663  -2.0082  -0.3993   0.0456   1.9587   3.5935  -3.3228   4.3239  -4.6154  -3.8713
   2.3472  -3.7222   3.3049   2.9557  -3.8654  -1.6733   4.5369  -2.4474  -0.5980  -2.2318
   1.8330  -4.9765   2.7327  -1.0530  -1.3182  -1.8646  -2.3061   0.6866   3.5937  -3.5424
   4.5451   0.5415   2.4089   4.5803   3.8455  -0.8976  -0.8745   0.6299  -0.4355  -3.3158
  -2.5179   0.5394  -3.3894  -1.9678   2.1982  -1.6884   1.0437   1.5842   0.5602   1.8210
  -2.3592   0.7755  -0.1589  -4.9540   0.3632  -3.3450  -0.3452   0.5056   0.0306   1.2199
   4.8288   0.7295  -0.8567  -1.0353   1.2162  -3.2232  -0.1569  -2.9796  -1.1064   1.7391
  -1.0000        0        0        0        0        0        0        0        0        0
        0  -1.0000        0        0        0        0        0        0        0        0
        0        0  -1.0000        0        0        0        0        0        0        0
        0        0        0  -1.0000        0        0        0        0        0        0
        0        0        0        0  -1.0000        0        0        0        0        0
        0        0        0        0        0  -1.0000        0        0        0        0
        0        0        0        0        0        0  -1.0000        0        0        0
        0        0        0        0        0        0        0  -1.0000        0        0
        0        0        0        0        0        0        0        0  -1.0000        0
        0        0        0        0        0        0        0        0        0  -1.0000
>b (rhs) data
  -28.2061
  -37.2039
   12.0618
   19.5271
    5.7935
  -47.0674
  -12.8680
   28.8292
   37.2793
   42.4878
         0
         0
         0
         0
         0
         0
         0
         0
         0
         0
>c (costs vector) data
   1.9505
   2.1252
   0.0273
  -1.5412
   4.7225
  -1.5595
  -2.8203
  -2.7853
  -4.1970
  -4.5200
>Status flag:
UNBOUNDED