# Randomly generated test case
# Case number: 6; Generated: Sun Nov 19 05:44:16 4461606

# Parameters: n=10, m=15, a=10,b=100
>epsilon -- precision parameter
0.01
>A matrix data
  -3.7583  -0.4744  -4.3820   2.8771   2.2201   4.8877   3.9038   3.4632   0.4456   3.1972
  -0.2102   1.6888  -1.6945  -4.0683   1.2386  -2.7423  -0.7649  -1.6098  -1.9132  -0.7355
   4.5632   4.8439   3.7285  -2.3074  -1.8957   1.1494   4.6798  -1.9077   2.3023   4.9847
  -2.2387  -2.4356   2.1891   0.1709   4.1816   3.6043  -2.9725  -1.3459  -2.4041  -1.1604
  -2.7470  -0.8904   0.7079   4.0812   1.0400   4.8030  -4.8555  -4.6152  -1.0169   2.3819
  -2.1382   4.9030   0.4873   3.5542   3.9097   3.9254   0.1938  -4.3310  -4.0880  -0.4637
  -4.3469   1.1178   0.0587  -4.1494  -2.5037  -3.2615   2.0445  -4.8979  -2.0145  -3.4107
  -4.4593   1.2590   2.0796   0.1055  -3.5435   2.9984  -4.6144  -1.5870   0.0802   2.1115
  -3.5955  -3.0320  -4.7447   0.3981   3.3662   0.3925   0.6123   1.8070  -4.0393   4.3598
  -1.0264   0.2359  -1.5061  -4.0917   2.6342   4.4195   0.0420   2.3377  -3.8147   1.5509
   2.0019   2.7477   3.2039   3.3348  -2.2585  -3.0325   1.5039  -0.4280  -1.6500  -1.0457
   0.1960   4.5846   1.8651   0.6384   4.0253   0.6922   0.5003   1.8452  -4.8648  -1.3435
   2.9059  -2.0790   2.2686   3.6899  -4.6675   3.8615   0.9494   3.9932  -4.3830  -1.5055
   1.3295   2.3207  -1.8576   0.9039  -2.8315  -4.3409  -0.8284  -4.2764   3.6207   0.2397
  -3.6677  -0.9749   4.0240  -3.6574   4.2017  -2.3335  -4.2395  -4.9051   4.6258   4.1853
>b (rhs) data
  -27.1724
   24.0460
  -26.9858
  -21.3994
  -36.5224
  -45.4270
  -38.6266
    9.5332
   22.6196
  -35.7951
  -46.3195
  -37.1189
   49.6295
  -13.0981
    0.8316
>c (costs vector) data
  -1.2339
   1.8630
   0.3155
  -3.7546
   3.9005
   3.3200
  -1.0922
  -4.9379
   0.6341
  -3.9779
>Status flag:
UNBOUNDED