# Randomly generated test case
# Case number: 0; Generated: Wed Dec 31 19:00:00 1969

# Parameters: n=10, m=25, a=10,b=100
>epsilon -- precision parameter
0.01
>A matrix data
  -4.4353   2.1028  -3.6101  -3.8190  -1.0917  -2.7096   3.9623   1.5373   0.8766  -3.4723
  -0.8361   1.8388   4.3699   1.3089  -4.8248   3.0957  -4.2558   1.4024   4.9005  -0.9370
  -4.8884  -2.1911   1.1050  -4.4792  -1.3617   2.4348  -0.3373   2.9863  -0.1823  -4.0063
   1.1204   1.7989  -3.4108  -4.1241  -3.0946   3.2045   0.6322   2.1472  -3.5007  -4.4952
   2.1313   4.1426   3.8924  -0.0686  -3.7873  -1.6216   4.1208   2.8976   1.6960   0.3916
  -0.6826  -2.9230   0.0579   3.6810  -1.1163  -1.2114   1.0911   4.9389   2.0836  -3.4987
  -3.3387  -2.3622  -1.1403   4.3941  -3.8763  -0.0177   4.6692  -4.9843   3.1084   1.5884
   2.5342  -1.0540   1.2151   1.8018   2.4204  -3.3956  -1.2534   4.6873   3.6539  -3.5174
   1.7790  -1.9873  -1.8969   4.6658   2.6160   2.1637   3.5717   2.8546   2.2081   2.2039
   4.9649   0.6055   1.3817   4.4231  -2.7052  -2.6072   2.0074   4.0831  -0.7987  -2.1721
   3.1381  -1.0500  -0.2971  -2.8241   2.3878   1.7762  -2.9949   1.7260   1.1259   0.0185
   4.0650   1.7284  -1.0078  -0.9659  -0.6102  -1.4776   1.8397   4.5798   4.9543   0.1833
   3.6156   0.3283  -4.1115   4.2386   3.1528   0.8132   1.2373  -4.1964   1.4991  -2.4149
  -1.4368   4.8645  -1.2714   1.1225  -1.7838  -0.8380   1.3736   0.1082   0.9534  -0.3841
  -3.6942  -4.9506   4.7508  -2.2480  -1.4401   0.6061   3.1102   4.9427  -4.8288  -4.5323
  -1.0000        0        0        0        0        0        0        0        0        0
        0  -1.0000        0        0        0        0        0        0        0        0
        0        0  -1.0000        0        0        0        0        0        0        0
        0        0        0  -1.0000        0        0        0        0        0        0
        0        0        0        0  -1.0000        0        0        0        0        0
        0        0        0        0        0  -1.0000        0        0        0        0
        0        0        0        0        0        0  -1.0000        0        0        0
        0        0        0        0        0        0        0  -1.0000        0        0
        0        0        0        0        0        0        0        0  -1.0000        0
        0        0        0        0        0        0        0        0        0  -1.0000
>b (rhs) data
   49.2538
   34.1601
  -36.3886
   35.4403
  -31.4781
  -10.6023
   -4.9052
   24.9240
   39.2733
   30.4949
  -13.8462
   43.4102
   40.9823
   36.3354
   -9.9517
         0
         0
         0
         0
         0
         0
         0
         0
         0
         0
>c (costs vector) data
  -4.4729
  -4.0313
   3.9805
   0.3644
  -1.7023
   4.1316
  -2.0212
  -2.1776
   0.9148
   1.3371
>Status flag:
INFEASIBLE