# Randomly generated test case
# Case number: 2; Generated: Sun Nov 19 05:44:16 4461606

# Parameters: n=10, m=15, a=10,b=100
>epsilon -- precision parameter
0.01
>A matrix data
   3.9637  -0.7940   1.9004   4.0436   2.3401  -4.4837  -3.1651  -2.1413   0.2133   3.6253
  -3.6548  -0.3184   0.9870  -2.1614  -0.5949   3.9235  -1.5173  -4.0270  -0.7684   0.5193
   2.1478  -3.6049   0.8795  -0.8261   1.6442   1.1786   2.6727  -0.7203  -0.0919  -3.6155
   4.7703  -2.2676   1.3086  -1.3639  -4.4253   1.8688  -1.0785  -0.5905   4.3072  -3.3788
   0.8656   3.5247  -0.0765   2.1250  -3.2325   1.9909  -1.2994   1.5328  -4.0686  -3.3966
  -2.1815  -0.9588  -2.5688   1.3970  -0.9528  -0.7115  -0.8041   2.3013   0.3222   1.8589
  -3.1610  -1.4384   1.8866   1.1211   3.1348   4.7974   0.1265   2.9108   4.7388  -0.8723
  -0.1016  -2.3805  -3.8701  -3.5631  -3.7881  -3.7932  -4.5347   1.2521  -4.1274   4.6229
   3.9165   3.2550  -2.1715  -1.7681   4.9029  -2.5789  -3.8767  -2.5493  -0.4927  -0.6073
  -2.2948  -0.8740  -3.2853   1.9402   2.9584   1.5791  -1.7326   2.3273   4.3009   0.3855
   0.9401   2.2057   0.1928  -2.8772  -4.8071   2.3558  -2.2518  -1.7462   3.3423   3.5599
   3.3136  -1.4320  -2.2135  -3.3808   4.2469   1.7069   3.2614  -3.6573  -3.2203   0.4990
   0.3388   1.2303  -2.9215  -2.6813  -2.3339   4.9896   1.8764   0.4686  -1.7345  -4.1831
  -1.3760   4.0691   4.5249  -3.5917   3.7315   3.3853   1.7949  -0.1253   1.3458  -0.5135
   1.8885  -0.0476  -0.5994   1.0735   1.0235   2.2673  -2.4707  -2.1273   1.0972  -4.5784
>b (rhs) data
   -1.8930
   29.2041
  -43.6964
   38.1542
   29.3657
   41.9968
  -37.1760
   16.3975
  -37.8174
  -23.3636
  -40.7750
  -18.1087
   14.2175
   -6.9544
   43.4713
>c (costs vector) data
   2.6426
  -1.0285
   1.7722
  -4.1543
  -3.1361
  -1.1674
   4.8749
   0.8986
   3.9762
  -1.6466
>Status flag:
UNBOUNDED