# Randomly generated test case
# Case number: 39; Generated: Wed Dec 31 19:00:00 1969

# Parameters: n=10, m=15, a=10,b=100
>epsilon -- precision parameter
0.01
>A matrix data
   1.4390   4.9344  -3.8306  -0.2867   0.1575   2.8993  -1.7897   2.4868   0.6141   2.9091
  -0.2298   0.6790  -1.3076  -3.4443  -3.5816   3.5556  -4.1088  -3.9814   0.4326  -0.2302
  -3.9171   2.0301  -2.8916   3.1416  -3.8557  -2.7657  -2.1703  -4.4273   4.4846   3.0999
   0.5320   1.7411   2.7195  -0.8967   0.8287  -2.1722  -2.4500   3.9389   0.4209  -1.4079
  -2.0093   3.7956   1.1513   2.1412   0.3452  -3.5063  -2.0217  -2.9173  -1.1916   0.1700
  -4.6121   3.8334   2.7534   1.3344  -3.6806   3.5992  -4.3366   2.8875   3.8554   4.2777
  -4.8694  -1.7576   3.3540  -1.6708   1.5334   0.5860   0.0581   1.6804  -4.1978  -2.2543
  -0.9642  -3.3029  -3.1052  -1.0710   0.9149   1.3896  -1.9001  -4.2375  -0.6529   0.9004
  -2.0434   4.9247   0.2930   4.9410  -0.0247  -0.5045  -0.9175  -1.8323   0.1568   2.1691
   2.9907   4.7375  -1.5534   2.5614   3.3173   2.2310  -0.9300   4.0788  -0.3638  -1.8335
   2.2398   0.6287   0.6359  -2.0424   2.9147   4.9450   1.2927   0.2510  -4.9451  -1.7631
  -2.5672   3.7793   4.3902  -0.2807  -2.2654   4.0059   3.2917  -4.4467   1.6645   0.0444
  -4.8572  -1.0936   2.2300  -1.6841   2.2900   2.6075  -2.9165  -0.6759  -4.3795  -4.0227
   1.5659  -4.0902  -0.9173  -0.8263  -2.3175   1.8979   1.7805  -4.9348  -3.1324   4.6931
   0.8589  -3.0722   0.9204   0.3638   0.5637   1.9776   1.1032   4.9987  -2.9787   2.5407
>b (rhs) data
  -23.8039
   -2.9062
   48.2372
    9.9063
   18.9576
   35.3841
  -26.0694
  -47.5783
   47.0310
    1.5641
   -1.5641
   12.6223
  -30.4988
   17.8439
   42.9382
>c (costs vector) data
  -1.5695
  -1.7193
   2.9732
  -4.5831
  -1.0155
   1.5978
   3.7646
   0.6438
   4.5911
   4.3890
>Status flag:
UNBOUNDED