# Randomly generated test case
# Case number: 24; Generated: Sun Nov 19 05:44:16 4461606

# Parameters: n=10, m=15, a=10,b=100
>epsilon -- precision parameter
0.01
>A matrix data
  -3.0095   3.8405  -0.2869   0.4576   4.7166   1.5796  -1.7347  -0.2687  -2.9961   2.8571
  -4.5421  -4.9115   2.1881  -4.3468  -2.8850  -1.7077  -3.3137  -1.3803  -0.7691   3.1134
   3.9470  -1.2251   2.8823   1.5706   0.6086   0.0947   2.1948  -4.3152  -4.3201   3.0689
  -4.0819   1.0495  -0.3077   0.0087  -4.3359  -2.1633   3.1271  -1.1224   0.5559  -3.8433
  -4.9769  -2.6668  -0.6393   2.7849  -0.6504  -4.0130  -0.1978  -2.0914   3.6632   3.2728
  -4.3110  -1.9555  -2.8762  -2.4705  -2.7523   1.0722   0.9440  -1.7201   3.2738  -0.3879
  -4.6045   2.0120   0.9571   2.7125   1.9573  -4.6056   3.1929   3.2480  -0.8882  -2.6904
  -2.4593  -3.3273   3.5723  -0.3451  -3.5905   0.6967   1.7847   3.8683  -3.6542  -0.9469
  -4.6510  -1.7999   4.2344   0.5167  -1.5713   4.0607   2.2245  -2.8290  -0.3742   1.4200
   4.1664   1.7381   3.0384   4.5586   0.9716   3.5902   4.5740  -0.6872  -1.5985   3.6016
  -0.9710   4.0794  -1.0036   0.4006   0.8640  -1.7145  -3.2955  -2.9629   0.0544  -3.9833
  -0.4609  -1.1229   4.9677  -3.0232  -4.8620   4.0432   3.2254   0.0789  -4.0432   0.5296
  -4.2240  -2.0860  -4.8203   0.2032   2.2479   3.4808  -4.0889  -3.1018  -0.2802  -2.4620
  -3.6043   1.4903  -1.9144  -3.2860  -4.8312  -4.2180   1.5486  -0.7703   2.5569   2.4907
  -3.4013  -1.8796  -0.9197   0.2213   4.2188   2.2141  -4.6829  -3.0743  -2.6138   2.0240
>b (rhs) data
  -33.0009
   12.4132
  -24.0836
  -14.5397
  -24.4657
  -46.1528
  -41.1805
  -22.9146
    7.6226
   -5.9916
   18.4366
   13.0022
    6.9391
   18.1999
   24.4799
>c (costs vector) data
   0.9021
  -1.0123
   1.2988
   2.0484
   3.5993
  -4.8901
  -0.8866
  -1.7793
   0.3138
   0.2368
>Status flag:
UNBOUNDED