# Randomly generated test case
# Case number: 23; Generated: Wed Dec 31 19:00:00 1969

# Parameters: n=10, m=15, a=10,b=100
>epsilon -- precision parameter
0.01
>A matrix data
   1.9478  -1.4892   2.5250  -2.0092   1.9941   3.5173  -4.1048  -3.7379   1.8699  -2.9884
  -4.0068   1.1058  -4.5417  -2.6557  -1.3380  -2.5515  -1.0148  -4.9180   4.7645   4.4702
  -4.4174  -0.4692   2.1800   0.1494   2.7383  -2.9321   4.3990  -0.0053   3.3467  -3.0233
   4.0959  -4.1006  -1.0813   0.4234  -0.2873   2.2031  -1.9998   4.1434  -2.1888  -1.8505
  -4.4304  -4.7374   4.8098  -2.6850  -0.9739   2.7916  -4.9716  -4.7338  -3.8097  -0.5916
  -1.0000        0        0        0        0        0        0        0        0        0
        0  -1.0000        0        0        0        0        0        0        0        0
        0        0  -1.0000        0        0        0        0        0        0        0
        0        0        0  -1.0000        0        0        0        0        0        0
        0        0        0        0  -1.0000        0        0        0        0        0
        0        0        0        0        0  -1.0000        0        0        0        0
        0        0        0        0        0        0  -1.0000        0        0        0
        0        0        0        0        0        0        0  -1.0000        0        0
        0        0        0        0        0        0        0        0  -1.0000        0
        0        0        0        0        0        0        0        0        0  -1.0000
>b (rhs) data
  -28.1326
   -1.5224
  -49.2610
  -47.0407
   23.8467
         0
         0
         0
         0
         0
         0
         0
         0
         0
         0
>c (costs vector) data
  -3.0321
   0.9759
  -4.9180
   4.9650
  -1.1584
  -4.1322
  -3.8631
   2.9926
   2.6037
   1.2145
>Status flag:
UNBOUNDED