# Randomly generated test case
# Case number: 11; Generated: Wed Dec 31 19:00:00 1969

# Parameters: n=10, m=15, a=10,b=100
>epsilon -- precision parameter
0.01
>A matrix data
  -4.9373   4.9045  -3.5424   2.3935   2.1528   0.4483   2.3702   0.1613   4.3886   3.6086
  -0.9869  -4.0786   0.7098  -4.7508  -1.2162   0.9219  -1.0607  -0.1466  -2.9977  -2.9989
   4.8513   1.6447   4.4973  -2.5179  -2.3411   4.6402   0.9938  -2.7532   1.3320   4.1523
  -2.2828   3.6027   0.9345  -2.2472  -4.0618  -0.1236   2.2738   4.6122   4.5292  -1.8041
   2.1330  -3.5176   4.7994  -0.4633   2.5206  -2.7929   3.8097   2.0407   0.2156  -0.1512
   3.9443  -2.1265   4.0432  -4.6673   0.4922  -3.8161   3.2511   4.5109  -2.1446   4.2799
  -1.1541   4.3192  -1.5333   4.3755   4.3648   4.5023  -0.8053   2.9546   1.1348  -3.5545
  -3.0728   0.7954   3.9245  -0.2224   2.9647   4.9572   4.9848   0.8826   0.6409  -1.9865
  -4.7698   4.6809  -4.8795  -0.2179  -3.7650   4.7206  -0.6823   4.7178   3.3645  -2.5679
   4.8621   0.2115   1.0962  -1.6654   4.1252   1.0656   0.1560  -3.1111   3.1537  -1.8188
  -1.4312  -3.8862   4.6947  -1.3937  -1.2423  -2.5566   4.3170  -3.8145   3.5526  -3.2237
  -1.3765  -2.0590   2.3965  -1.7301   3.0435  -2.4640  -3.6315   0.9647  -2.5305  -2.3703
  -0.5002   4.7404   3.5772  -1.3780   4.6811  -2.4944   0.6514   0.3593   0.0479   1.6530
  -3.9697  -2.9511  -0.1960   0.5860   3.6588  -3.8097  -1.0395  -3.4280  -0.8652   1.7133
  -3.2841   0.3112   0.1477   3.7123   4.2226  -3.2629  -0.8244   1.0140  -1.9852   3.4681
>b (rhs) data
   -7.2674
   38.6330
  -15.7056
   42.1181
   25.3447
  -16.2275
    9.2426
    4.2682
   30.0620
   -0.1277
   48.6752
  -26.2872
   46.4668
    4.1570
  -35.8099
>c (costs vector) data
  -4.3956
   1.4659
  -2.3778
  -0.0968
   4.9888
   4.3186
   0.0204
  -2.2947
  -0.2558
  -3.4672
>Status flag:
UNBOUNDED