# Randomly generated test case
# Case number: 20; Generated: Wed Dec 31 19:00:00 1969

# Parameters: n=10, m=15, a=10,b=100
>epsilon -- precision parameter
0.01
>A matrix data
  -2.0948   4.5439   2.4302  -1.4157   2.4105   0.3443  -4.5844  -3.1510   3.3462   0.5921
  -3.4453   3.5126   3.7564   3.1723   2.2697   4.6822   4.4204  -3.9532   2.5652   0.1580
   4.8481   4.3723  -4.3650   3.5981   1.2815  -0.1533  -2.0406   0.1158   2.2475   0.4335
   4.5256  -4.5404  -2.1972   4.3975  -0.1565   3.7604   3.7485   2.4340  -1.9127   2.3578
  -2.0364   3.6132   4.4146  -4.1432   4.2935  -3.9289   2.1604  -1.9966   4.0721   0.2668
  -2.9053  -1.0526  -2.3220   2.0856   2.3239   1.5230  -4.1600  -1.6346   1.5007  -0.0719
  -1.4544  -0.3336  -3.4593   0.1039  -3.8484  -4.1286   2.2552  -3.8871   2.0312   1.0791
  -1.2448  -4.2251  -0.1695   3.0076   2.2304  -3.5090   4.4958  -4.4312   3.4839  -1.7734
   4.2573  -3.0345  -2.1066  -0.3110  -1.1029  -0.3358  -2.7949   3.2902  -2.8260  -4.2833
  -1.9555  -1.0987  -0.9573  -2.9389   3.3778   3.6429  -4.8266   3.0031  -3.9713   3.2385
  -4.4996  -2.7756   1.8939   0.7569  -0.9175   1.1880   0.7174   1.3296   4.0751   4.7362
  -3.4505  -3.1884  -3.3090  -4.6305   2.0631   2.9173   2.2251   0.1596  -1.2612   2.4698
   3.6216  -0.4455  -1.8360   4.7507  -4.5883   1.0889  -4.4005   4.8090   1.4777   4.9187
  -3.3555  -3.1239   2.5469   3.0387   3.0134  -3.8671  -1.9017   0.6097  -1.6763  -1.9875
   2.5880   2.9508  -2.4491  -4.7332   0.7225  -0.5176   3.9374   1.5821   3.4918  -2.3937
>b (rhs) data
  -20.9862
   14.3475
  -20.0736
  -23.4705
    2.6741
  -46.8327
    0.3015
  -41.6931
  -22.7971
    6.8867
  -41.5703
  -46.1274
   38.2778
   49.7455
   25.9261
>c (costs vector) data
  -2.7294
   2.2127
  -3.2468
   2.4758
  -2.6302
  -1.4878
  -4.0143
  -1.7158
   2.1915
  -0.1572
>Status flag:
UNBOUNDED