# Randomly generated test case
# Case number: 21; Generated: Wed Dec 31 19:00:00 1969

# Parameters: n=10, m=20, a=10,b=100
>epsilon -- precision parameter
0.01
>A matrix data
  -2.1382   2.1659   2.6397   4.8407  -1.3637  -0.1236  -4.8337  -4.3704   4.3889  -2.2848
   0.8466   3.6357  -0.0373  -4.1446   3.8962  -2.1225   0.0282   3.5263   0.8789  -3.4370
   2.9208  -4.6376   3.8115   3.4443  -4.3625   2.5045  -3.3323   4.5450  -1.1231   3.7691
   2.5318  -0.9216  -4.4186  -1.2208  -3.2085   1.0795  -3.5485  -3.7640  -4.1617   2.8433
   2.1021   3.3187  -2.7183  -2.2810   2.7405   0.5573  -0.7424   4.2035   0.3101  -0.9208
  -2.1725  -4.5038  -4.2788  -4.6584  -2.4539  -4.8826   2.5532  -1.1124   1.0872  -0.6389
  -1.1173   3.3027   1.8661   1.1894  -1.7205  -1.2256  -4.4159  -4.9447   1.8702  -2.7010
  -4.9857   2.4093   4.7324   4.4955  -2.0309   4.8730  -1.0773  -2.0100  -2.6208   1.4288
  -2.9365  -3.5345  -1.1169   1.5358  -0.3564  -0.1324  -2.4359  -4.3909  -2.8432   3.0299
   1.2591   0.8709   2.8143  -1.8346   1.4129   2.4405  -0.2321  -0.9221  -4.3709   2.2236
  -1.0000        0        0        0        0        0        0        0        0        0
        0  -1.0000        0        0        0        0        0        0        0        0
        0        0  -1.0000        0        0        0        0        0        0        0
        0        0        0  -1.0000        0        0        0        0        0        0
        0        0        0        0  -1.0000        0        0        0        0        0
        0        0        0        0        0  -1.0000        0        0        0        0
        0        0        0        0        0        0  -1.0000        0        0        0
        0        0        0        0        0        0        0  -1.0000        0        0
        0        0        0        0        0        0        0        0  -1.0000        0
        0        0        0        0        0        0        0        0        0  -1.0000
>b (rhs) data
   44.9199
  -49.5848
  -29.4752
    9.2156
   14.0258
  -27.6630
  -17.4587
  -24.2419
   20.0630
  -29.0947
         0
         0
         0
         0
         0
         0
         0
         0
         0
         0
>c (costs vector) data
   2.3001
   2.1178
   4.6449
   1.6348
   3.7635
   1.2052
  -1.6299
  -1.4087
  -2.1206
  -0.5617
>Status flag:
UNBOUNDED