# Randomly generated test case
# Case number: 34; Generated: Wed Dec 31 19:00:00 1969

# Parameters: n=10, m=15, a=10,b=100
>epsilon -- precision parameter
0.01
>A matrix data
  -0.2326  -2.0967  -0.8016   3.9191  -3.0299   3.3139  -1.4838   1.1055  -0.0751   2.9734
   0.8753   4.9622   1.1518   0.9773   1.5421  -4.9305   4.1309   1.5764  -0.2749  -4.2899
   2.6755   0.8444   2.5879  -2.7440  -0.6408  -4.7383   4.9430   4.3460  -2.5115   1.1573
  -3.8757  -3.8831  -1.4122   4.3520  -4.6775  -3.6016  -0.0901  -3.5043   0.2703  -3.0972
   0.1055  -2.3290  -1.1434   0.4459  -0.5164   2.0121  -4.6823   1.1052   4.9972  -2.9567
  -1.0000        0        0        0        0        0        0        0        0        0
        0  -1.0000        0        0        0        0        0        0        0        0
        0        0  -1.0000        0        0        0        0        0        0        0
        0        0        0  -1.0000        0        0        0        0        0        0
        0        0        0        0  -1.0000        0        0        0        0        0
        0        0        0        0        0  -1.0000        0        0        0        0
        0        0        0        0        0        0  -1.0000        0        0        0
        0        0        0        0        0        0        0  -1.0000        0        0
        0        0        0        0        0        0        0        0  -1.0000        0
        0        0        0        0        0        0        0        0        0  -1.0000
>b (rhs) data
   40.1831
  -28.9322
   25.0940
   49.9662
   30.0216
         0
         0
         0
         0
         0
         0
         0
         0
         0
         0
>c (costs vector) data
  -3.0604
  -3.3133
   1.9018
   4.6304
  -1.5883
  -1.3710
   3.4105
  -1.2278
   3.7786
   4.1717
>Status flag:
UNBOUNDED