# Randomly generated test case
# Case number: 5; Generated: Wed Dec 31 19:00:00 1969

# Parameters: n=10, m=15, a=10,b=100
>epsilon -- precision parameter
0.01
>A matrix data
   0.8565   2.3641  -4.7845   0.2514   3.5169  -1.2399  -4.0290   2.0439  -0.8801   4.0072
   3.9155   3.8228   0.3065  -1.0284   0.1964   3.5017   0.0969   2.3999   4.6704   2.6154
  -1.7387   4.7298   1.0612   4.4347   0.4384   4.2811  -2.9036   4.2544  -2.6745  -4.6667
  -3.1618  -1.4513  -0.4482   3.9520  -2.8029   1.8223  -3.5588   3.5378   3.8183   0.8313
   2.6630  -2.9601   0.1985  -0.5991  -0.7017   0.5577  -2.2077   4.6357  -1.1449  -1.6587
   4.6165   1.4881  -0.5689  -3.6715   3.9240   3.9968   3.3600   1.3087  -4.7323  -4.1455
   0.7496   3.4571   2.1402   3.6834  -4.7089   1.0777   0.5901   1.0227  -4.3380  -1.2334
   1.1714   3.7953  -0.3944   4.2381   1.4007   3.6233  -2.3275  -1.5261  -3.8911  -3.1460
   4.8725   3.3929  -4.7578   3.4803   1.0283   3.1717   3.4774   0.5033   4.9104   4.0083
  -1.8455  -2.8901   0.6033   4.7545   2.4343  -3.4600   4.6498  -4.4902  -3.7008  -0.1166
  -1.5872  -1.4707  -2.2838   1.0141   4.5489  -3.6870  -0.3037  -3.8277   3.2788  -3.5745
   0.6726   3.5369  -4.8166  -2.3740   1.8016  -1.2716   2.2946   1.0356  -3.3570  -2.2606
   4.9246  -4.8113   0.8193  -4.3364  -4.8851  -1.2008   1.9566   0.6559  -2.2560   2.4300
   2.8091   0.8625  -0.0595  -2.9628  -0.6120  -2.1362  -1.7690   4.0584   3.4638  -3.5050
   4.8791   2.9566   3.2496   3.5328   0.1560   1.3928  -1.7355  -4.6402  -0.2727   3.7842
>b (rhs) data
  -31.4455
    3.4763
   33.1744
   33.9763
   -0.5493
   22.2475
  -37.0921
   23.7832
   11.3822
  -24.8667
   42.1240
   34.8499
  -38.6051
  -20.6375
   26.0097
>c (costs vector) data
  -2.1913
  -1.3466
  -4.3316
   0.9694
   3.4590
   3.3747
  -0.3148
   4.3547
  -1.1209
  -3.9701
>Status flag:
UNBOUNDED