# Randomly generated test case
# Case number: 5; Generated: Wed Dec 31 19:00:00 1969

# Parameters: n=10, m=25, a=10,b=100
>epsilon -- precision parameter
0.01
>A matrix data
  -0.7947  -2.3974   1.7990  -1.7330  -1.3101  -4.6417   0.2310  -0.0104  -3.7511   4.5069
  -1.3997  -0.6717  -3.6063  -1.5803   0.1598  -3.4050   4.1134   2.8665   2.0300   4.1350
   1.7676  -0.1551   0.5160  -4.0927   2.3004  -4.2809   3.8346  -0.6768  -2.6728   0.5272
  -1.8023  -2.5516  -2.7643   4.8327  -4.7792   2.1020  -4.8386   1.2765   3.7533  -3.5675
   0.5693  -4.4287   3.5675  -3.7838   0.9152   4.1404   4.2396  -0.9461  -0.3782   1.3435
   4.9765   4.0506   1.9922   4.5317   2.4797  -0.6050   2.5661   3.3066   1.2508   0.7333
  -4.3181   1.7524   0.8742   1.6060  -4.9538   1.6518  -3.5406  -2.1540  -2.6381   1.0845
  -0.6135  -2.7794   1.7134  -2.6904   4.6928  -4.9851  -2.8202   1.0595  -2.6290   4.5417
   0.4724  -1.1892  -0.6228   4.5458   1.1626  -4.3386  -2.0518  -0.8962   3.4380   2.3985
   0.1095  -2.7629   0.9660   2.1536  -0.3041  -1.7927  -2.4395   1.7928   2.4650  -4.2344
  -4.7703  -1.3394   2.6953  -1.2817   3.4739  -4.5112  -2.3079   1.1689   1.6402  -0.2734
  -3.7699   4.2460  -2.8926  -2.5215  -2.3358   3.6971   1.1580  -3.1904   1.2506   3.5738
   1.0217  -0.7583   2.2015   0.2037  -3.8709  -0.9763   2.9822  -0.1500   4.6490  -3.9786
   4.9828   0.3729  -4.5248  -2.4901   2.8861   0.5584   4.8222  -2.1611  -4.6177   2.5143
  -1.9671  -3.3146  -1.5908  -0.0778   2.1718  -2.4577  -1.5106  -3.8186   1.3913  -1.6632
  -1.0000        0        0        0        0        0        0        0        0        0
        0  -1.0000        0        0        0        0        0        0        0        0
        0        0  -1.0000        0        0        0        0        0        0        0
        0        0        0  -1.0000        0        0        0        0        0        0
        0        0        0        0  -1.0000        0        0        0        0        0
        0        0        0        0        0  -1.0000        0        0        0        0
        0        0        0        0        0        0  -1.0000        0        0        0
        0        0        0        0        0        0        0  -1.0000        0        0
        0        0        0        0        0        0        0        0  -1.0000        0
        0        0        0        0        0        0        0        0        0  -1.0000
>b (rhs) data
   -6.2770
   -6.2390
  -42.8179
   -0.5909
   -3.0714
    6.9950
  -46.6089
   23.4630
   14.2592
   18.3015
   -3.8135
    0.9731
  -45.6382
  -28.9713
   22.4891
         0
         0
         0
         0
         0
         0
         0
         0
         0
         0
>c (costs vector) data
  -2.3715
   0.0428
   2.4224
   3.9868
  -3.6927
   4.9068
  -3.5275
  -2.0033
  -4.0308
  -1.9101
>Status flag:
INFEASIBLE