# Randomly generated test case
# Case number: 37; Generated: Wed Dec 31 19:00:00 1969

# Parameters: n=10, m=20, a=10,b=100
>epsilon -- precision parameter
0.01
>A matrix data
  -0.4867  -3.2256  -2.4281   3.2206   4.6314   2.6690  -2.9898   4.9175   0.6586   2.1750
   2.1350  -4.6972  -4.1224   3.4708   2.4928   2.7632  -2.2752   1.0913  -3.2951  -2.1806
   2.6674   2.7239  -2.5469   2.8209   2.7742  -4.0112   4.4203   0.8836   4.8410   2.3894
  -1.1878   0.3337   1.7748  -2.2074   0.0582   0.7819  -1.0894   1.1784   3.2322  -4.0144
   0.9066  -0.9772   4.5590  -2.2296  -3.5685   4.6916  -0.3498   3.3526   1.5602  -1.1672
  -0.2918  -0.8099  -0.9313  -2.0552  -2.7548  -1.1334  -1.5371   0.5685   4.4415   2.0997
   0.8524   0.6683   1.2119   1.5656   3.7315   3.5153  -3.0242   3.3779   3.7874   3.8110
  -2.0245   0.8718   1.7458   3.1285  -0.2016   4.7630  -3.4745  -3.4559   0.8660  -3.1714
   3.1570  -2.2713   1.0327   3.0508   4.9175  -2.0062   0.9182  -1.0789   1.4629  -4.2087
  -4.9848   2.2191  -0.1631  -3.6019  -3.9173  -1.2796  -0.5779  -3.9551   4.3818   1.4618
  -1.0000        0        0        0        0        0        0        0        0        0
        0  -1.0000        0        0        0        0        0        0        0        0
        0        0  -1.0000        0        0        0        0        0        0        0
        0        0        0  -1.0000        0        0        0        0        0        0
        0        0        0        0  -1.0000        0        0        0        0        0
        0        0        0        0        0  -1.0000        0        0        0        0
        0        0        0        0        0        0  -1.0000        0        0        0
        0        0        0        0        0        0        0  -1.0000        0        0
        0        0        0        0        0        0        0        0  -1.0000        0
        0        0        0        0        0        0        0        0        0  -1.0000
>b (rhs) data
  -43.2718
  -28.7623
   23.4027
   -9.8463
  -27.1243
  -42.2618
  -24.3307
   25.7940
  -33.7886
   -4.0295
         0
         0
         0
         0
         0
         0
         0
         0
         0
         0
>c (costs vector) data
  -0.6522
  -0.5188
  -3.8080
   4.9913
  -2.0414
  -4.0161
  -2.0721
  -0.4358
   0.0167
  -0.6000
>Status flag:
INFEASIBLE