# Randomly generated test case
# Case number: 30; Generated: Wed Dec 31 19:00:00 1969

# Parameters: n=10, m=20, a=10,b=100
>epsilon -- precision parameter
0.01
>A matrix data
  -3.0002  -2.9307  -1.6970   0.6288  -0.8767   3.1067  -3.4009  -0.5645  -3.5452   4.6486
  -4.8580   1.9539   1.8562  -2.5910   4.5867  -0.7079   0.7089   4.5976   1.2029   3.2673
  -3.1324  -2.9294   0.3846  -2.9802  -4.1531   0.6570  -0.3942  -0.5245   1.8083  -3.6318
   4.9971  -3.8219   1.7382   2.0035   4.5251   4.0019   3.4112  -2.6673   1.2002  -3.0634
  -1.0484  -0.5696  -4.1949  -2.5589   3.2167  -1.7987  -0.0092   0.8695   4.1091  -1.6777
   4.7897  -4.1092  -0.3275  -3.0219  -4.6274   3.5982  -3.5234  -0.2093  -3.6780   1.5042
   3.6983  -2.4197  -4.0014  -1.2037   1.9409  -0.3549  -0.2531  -4.8241  -1.9797   1.9850
  -4.0274  -0.4725   4.5429   1.4098   3.6352   0.9685   0.5839  -4.3747   2.6664  -2.5174
   1.6872  -4.3692   3.8750  -3.1646  -1.2213   4.3175   3.1910  -1.8635  -0.1591  -0.2531
   0.1800  -0.6405  -3.5460   2.2981   2.4847  -0.5514  -3.6540  -4.2679  -1.4513  -1.7428
  -1.0000        0        0        0        0        0        0        0        0        0
        0  -1.0000        0        0        0        0        0        0        0        0
        0        0  -1.0000        0        0        0        0        0        0        0
        0        0        0  -1.0000        0        0        0        0        0        0
        0        0        0        0  -1.0000        0        0        0        0        0
        0        0        0        0        0  -1.0000        0        0        0        0
        0        0        0        0        0        0  -1.0000        0        0        0
        0        0        0        0        0        0        0  -1.0000        0        0
        0        0        0        0        0        0        0        0  -1.0000        0
        0        0        0        0        0        0        0        0        0  -1.0000
>b (rhs) data
  -47.9171
   17.8248
   12.6643
   42.6902
  -14.9919
  -46.8712
   -1.2630
  -46.7927
   32.1007
  -27.4504
         0
         0
         0
         0
         0
         0
         0
         0
         0
         0
>c (costs vector) data
  -1.2459
  -0.4110
   4.9063
  -0.6347
   3.3852
  -0.9592
  -2.9184
   2.5411
   1.6682
  -0.2871
>Status flag:
UNBOUNDED