# Randomly generated test case
# Case number: 13; Generated: Sun Nov 19 05:44:16 4461606

# Parameters: n=10, m=15, a=10,b=100
>epsilon -- precision parameter
0.01
>A matrix data
  -3.2949  -4.3471   1.7669   1.3741   3.2719   4.6058  -2.2280  -3.6011   4.9217   3.6645
  -3.6729   3.9708  -1.2504  -0.0339   3.7005  -3.5943   1.1802  -2.3174  -2.8909  -0.3419
   1.0191  -0.5628  -2.8482   3.8321   2.4229  -2.4875  -4.6795  -1.3997  -0.4661  -0.3330
  -4.9205  -3.5234  -0.8620  -2.3669   0.3106  -1.3728  -2.9947   4.0682  -4.6924  -0.0106
  -1.8328  -1.8414   2.0596  -4.1309   4.0011  -2.1402   3.8723   3.8226   1.0020   3.5621
  -4.8008  -1.2831  -0.7833   0.5494   3.7393  -1.2709   2.3247  -4.3271   1.9290  -0.5485
   2.2615  -4.8727  -4.2275  -4.0420   3.2569   1.1921  -4.8278   0.3836  -1.3838   4.8606
   4.5933   3.9098  -2.9050  -1.0625   0.8442   2.2726   4.3496  -1.8801   1.2275   3.1550
  -1.9261  -0.3842   3.3973  -1.5916   1.7072   1.0612  -4.4424   0.6403   2.9842   0.2270
   2.5336  -0.8712  -0.2665   2.7213   4.0069   0.6871   3.3881   0.7929   0.8190   2.2432
   1.6176  -1.0913   2.4567  -4.5640   4.1705  -1.0460  -0.8994  -4.6244  -2.7189   1.4519
   2.8446  -3.9437   2.5056  -0.1746  -1.3442   4.8394  -4.9172  -3.3517  -2.0467   0.5289
   3.6378   4.8484  -1.6865   2.1653  -1.5812  -1.5923  -2.4519  -4.6201  -3.2828   0.0206
   4.7952   2.9042  -2.1858  -1.4124  -3.1576  -0.5598  -0.6159   0.2578  -0.9962  -2.5785
   0.8738   2.6450  -0.6105  -2.7046  -4.5841   0.1376  -1.1705   2.7058  -4.6062   3.8267
>b (rhs) data
  -20.9950
  -29.9325
    2.4974
  -33.8975
   15.3028
   31.7266
   -6.8303
  -46.5782
  -49.7467
   23.2356
  -46.4959
    9.5148
   -2.4221
    8.7339
   46.5630
>c (costs vector) data
  -1.4889
   1.7615
  -2.7418
   4.2769
   1.0270
   3.6945
   1.9987
  -3.5035
   3.9824
   3.8057
>Status flag:
UNBOUNDED