# Randomly generated test case
# Case number: 14; Generated: Wed Dec 31 19:00:00 1969

# Parameters: n=10, m=15, a=10,b=100
>epsilon -- precision parameter
0.01
>A matrix data
  -2.0990   4.6589  -3.7139   0.1473  -1.8408   0.2560   4.3817  -3.5696   0.1237   2.9443
   2.7292   2.2775  -0.4640   2.5510  -4.0917   4.8858  -1.8065  -0.7234   4.1610  -0.9220
   0.2419   0.4543   0.7884  -0.2401   4.5491   1.7845   0.3536   1.5842   4.4347   4.9451
  -4.3578  -1.8736   0.5850   3.3825   3.7957  -2.5160  -0.7116  -3.5086   0.8854   1.8142
   2.8488  -3.9890   0.5504  -3.3183   1.5890   2.8758   3.1509   3.2197   2.4098   2.6892
  -1.0000        0        0        0        0        0        0        0        0        0
        0  -1.0000        0        0        0        0        0        0        0        0
        0        0  -1.0000        0        0        0        0        0        0        0
        0        0        0  -1.0000        0        0        0        0        0        0
        0        0        0        0  -1.0000        0        0        0        0        0
        0        0        0        0        0  -1.0000        0        0        0        0
        0        0        0        0        0        0  -1.0000        0        0        0
        0        0        0        0        0        0        0  -1.0000        0        0
        0        0        0        0        0        0        0        0  -1.0000        0
        0        0        0        0        0        0        0        0        0  -1.0000
>b (rhs) data
  -48.2159
  -35.5012
   45.5165
   26.7771
   40.5792
         0
         0
         0
         0
         0
         0
         0
         0
         0
         0
>c (costs vector) data
   2.9450
  -0.3056
   4.9877
  -3.7844
   4.9403
  -0.7336
  -2.9140
   0.3465
  -0.6228
   4.1658
>x -- known optimal solution
        0
        0
   2.5261
        0
   6.6424
        0
   0.6526
   8.2547
        0
        0

# Optimal objective: 46.3733
