# Randomly generated test case
# Case number: 19; Generated: Sun Nov 19 05:44:16 4461606

# Parameters: n=10, m=15, a=10,b=100
>epsilon -- precision parameter
0.01
>A matrix data
  -2.1576  -3.4048  -0.3344  -3.4354  -4.7673  -1.5150  -0.7134  -2.2114   3.4687  -2.5942
   0.4659   2.2185  -3.0025   3.9978   3.1818   1.8320   4.5675   1.9191  -0.3066  -3.5100
   3.5653  -0.6762   0.1238   3.7525   0.5506   2.2421  -3.2719  -1.1019  -0.7700   4.2131
   4.2968  -2.7630  -0.1719   3.6531  -0.2380   4.1777  -2.2532   2.9316  -4.1592  -4.3820
  -2.0321  -3.8316  -2.3040   4.1071  -0.8410   0.6671  -4.3908  -3.0308   2.7921  -1.8790
  -2.8469   3.3562  -4.4133   4.9825   2.9286  -3.8574   0.3026   2.3337  -0.1785  -4.6850
   1.8063  -1.1123  -2.5698   3.2582   0.3682  -2.7979  -1.1951  -1.8603  -1.3188  -0.0911
  -1.0136   3.2580   1.8901  -3.8804  -4.6610  -3.0209  -3.8469  -4.3593  -1.2114  -4.0202
   1.9017   3.5447   2.0397   0.9223  -1.4012  -3.9859   3.1272   2.1719  -0.1186   0.5699
   0.2952  -3.4174  -1.6372   4.1736   0.6112   0.1765  -4.0136   0.4593   3.9112  -2.8034
  -2.6777  -4.0326   1.9413   4.5664  -1.9293  -2.0880  -2.3917  -0.7629  -0.0033  -4.4123
   4.6951   2.5452   3.9029  -3.7980  -0.8270   4.9887   2.6699  -4.2373   2.4913   3.8767
   3.1027  -3.9372   2.9277   4.5505   0.0704  -2.4094   2.3749  -4.9802   3.0615   1.3612
  -3.1668  -1.9989  -0.0066   0.6465   4.6485  -3.5562  -2.7199   0.9750  -1.8701   0.2358
   2.0516   2.3941   1.3493   1.0425  -0.8375  -0.7791  -1.6764   4.7368   1.8197  -1.8265
>b (rhs) data
  -32.7967
   46.3534
    1.0197
   46.3631
   35.2781
   -1.0085
  -48.9248
   -2.0020
   46.2079
   29.7537
   38.7876
   -9.2835
  -49.2380
   -2.3846
   -9.4080
>c (costs vector) data
   3.9585
   3.8339
   1.1983
   3.7313
  -2.6055
   1.2476
  -1.4392
  -3.9432
   4.0807
  -1.4037
>Status flag:
UNBOUNDED