# Randomly generated test case
# Case number: 9; Generated: Wed Dec 31 19:00:00 1969

# Parameters: n=10, m=15, a=10,b=100
>epsilon -- precision parameter
0.01
>A matrix data
   4.3585   3.5029  -2.9132  -4.7518   0.6707  -2.6535   2.4838  -1.1042  -1.6490  -2.5441
   2.7776   2.8080   3.2420   2.0345   3.2777   3.4557  -2.6902  -2.1328  -0.7520  -0.7831
  -4.4330   3.8653  -0.4248  -3.2443  -2.1354   4.8707   3.2401   0.3880  -3.0482  -3.2415
   4.7921   0.3089  -4.4776  -1.1533  -2.1972   2.2951  -2.7156  -0.0757  -2.7074  -3.2524
  -0.0265  -4.2246   2.5973   2.0985  -4.5765   0.6402  -3.5986  -0.8564  -0.7843  -0.7348
  -4.9472   3.7113  -1.8458   3.4098  -1.4583   1.0897  -2.4285   2.7395  -3.1285   4.6917
   4.0888   1.7275   3.6457   3.8613   1.6804  -1.5860   0.5158  -0.3295  -2.5355  -2.0785
  -0.7266   1.3101   2.4079   1.7536  -0.3903   0.4894   4.3881   3.9509   0.3234   0.8613
   2.6051  -0.2296   4.7613   2.1120   0.4785   4.5845  -2.3559   1.0800   1.9014  -0.4666
  -2.1483   0.7548  -3.0215  -4.0795  -0.4310   0.8433  -0.6616   0.5697   1.9891  -3.3847
  -4.2915   2.9014  -3.0636   1.9928   3.7256   1.2695  -4.0518   0.8678   1.0602   2.5461
  -3.2246  -1.2649  -4.2327  -4.2728  -2.5261  -2.9006   2.7348   1.2472  -1.7875  -3.5464
  -4.8357   3.3125  -1.6947   2.7135  -3.9008  -4.4454  -0.5061  -4.5822   0.5997   4.9442
   1.0715  -3.7431   0.2959   1.1600  -4.7651   2.4062  -3.6255   2.5995  -4.2504  -0.8020
   3.9046   1.8498   2.3053   0.5741  -2.5401   2.1536  -0.0202  -4.9001   2.8570   1.7604
>b (rhs) data
  -26.4100
   38.7973
  -12.7347
  -32.8739
  -43.2382
  -14.2570
  -35.4470
  -22.7769
   -1.7258
   40.6911
   31.3158
   35.2172
    2.1880
   -2.0748
    2.6672
>c (costs vector) data
  -2.8668
  -2.2964
   0.0881
  -0.0015
   4.3181
   0.8213
  -4.5751
   3.6318
  -3.4300
  -3.7867
>Status flag:
UNBOUNDED