# Randomly generated test case
# Case number: 15; Generated: Wed Dec 31 19:00:00 1969

# Parameters: n=10, m=20, a=10,b=100
>epsilon -- precision parameter
0.01
>A matrix data
   2.9373   2.8565  -0.5390  -4.7619  -2.5312  -0.0998   3.1040  -4.6843  -3.4990   4.6155
   0.8204   4.1002   4.9143  -2.9894  -1.5516  -2.5578  -0.9082   0.2643   2.4244   2.6714
   3.4827  -3.1305  -1.6731   1.3480   4.1962  -2.1876  -1.0093   0.1976   4.4848  -1.5638
  -0.6825   0.0469   0.2609   0.9476   0.7431  -3.8919  -2.6491   4.1468   4.0650   4.4547
   0.6229  -4.8779   2.9159  -1.9154  -1.1883  -0.6952  -1.4304  -2.1687   4.6726   3.9112
  -3.5535   2.4261   3.3264  -1.4914   2.8261   4.5164  -2.0322   0.8248   4.9270  -0.2513
  -3.7536  -3.4510  -0.9462  -0.3712  -1.1462   4.3561   3.2540  -0.3430  -3.4001   3.0259
  -0.6901   3.3943   3.6955   3.9451  -3.6006  -1.0088   0.8171  -3.4181  -3.6352   4.4253
   1.3250  -4.4067   0.0554  -2.4626   2.6415   3.7053  -1.2649   0.0941  -1.5473  -2.8506
   2.0097   3.6283   4.4037   0.1862  -1.4777   1.9915  -3.8167   1.5058   2.7370   1.4734
  -1.0000        0        0        0        0        0        0        0        0        0
        0  -1.0000        0        0        0        0        0        0        0        0
        0        0  -1.0000        0        0        0        0        0        0        0
        0        0        0  -1.0000        0        0        0        0        0        0
        0        0        0        0  -1.0000        0        0        0        0        0
        0        0        0        0        0  -1.0000        0        0        0        0
        0        0        0        0        0        0  -1.0000        0        0        0
        0        0        0        0        0        0        0  -1.0000        0        0
        0        0        0        0        0        0        0        0  -1.0000        0
        0        0        0        0        0        0        0        0        0  -1.0000
>b (rhs) data
  -39.5134
  -38.9471
  -30.5238
  -40.9423
   36.4889
  -27.4786
   -8.0074
  -35.6786
  -16.6673
  -37.8692
         0
         0
         0
         0
         0
         0
         0
         0
         0
         0
>c (costs vector) data
  -1.1121
  -4.8301
  -4.3712
  -4.1345
   4.4441
   1.8473
  -1.7120
  -0.7935
  -0.5566
   3.4581
>Status flag:
UNBOUNDED