# Randomly generated test case
# Case number: 35; Generated: Wed Dec 31 19:00:00 1969

# Parameters: n=10, m=15, a=10,b=100
>epsilon -- precision parameter
0.01
>A matrix data
  -4.0973  -4.1636   2.9435   3.8071   3.9207   2.6257   0.2281   1.6198  -4.0998  -2.4617
   0.1965   1.2026   1.0159   4.6062   0.2399   4.0688   4.9898   4.5265   2.9170   4.0770
  -2.0485  -1.6547   1.6344   4.8314  -0.2345  -0.5278   4.7103   4.7178   1.3751  -0.5987
  -1.7731  -0.4990  -1.8587  -3.5845   2.0915   1.2650  -1.3438   2.3879  -2.9574   4.1005
  -2.8052  -4.9145  -3.9601   0.6222   1.0568  -1.3671   3.7397   1.1958   3.3577  -4.9737
  -1.0000        0        0        0        0        0        0        0        0        0
        0  -1.0000        0        0        0        0        0        0        0        0
        0        0  -1.0000        0        0        0        0        0        0        0
        0        0        0  -1.0000        0        0        0        0        0        0
        0        0        0        0  -1.0000        0        0        0        0        0
        0        0        0        0        0  -1.0000        0        0        0        0
        0        0        0        0        0        0  -1.0000        0        0        0
        0        0        0        0        0        0        0  -1.0000        0        0
        0        0        0        0        0        0        0        0  -1.0000        0
        0        0        0        0        0        0        0        0        0  -1.0000
>b (rhs) data
  -37.0315
    0.9709
   14.2171
  -24.6278
   27.6709
         0
         0
         0
         0
         0
         0
         0
         0
         0
         0
>c (costs vector) data
  -3.4062
  -3.5673
   0.2386
   4.5970
   4.8965
   4.8853
   4.2592
   4.3482
  -2.2199
  -2.4336
>Status flag:
INFEASIBLE