# Randomly generated test case
# Case number: 6; Generated: Wed Dec 31 19:00:00 1969

# Parameters: n=10, m=20, a=10,b=100
>epsilon -- precision parameter
0.01
>A matrix data
  -1.3842   2.9604  -0.5682  -0.8725   2.2414   1.6402  -3.3808   4.1080   4.1318   4.3040
  -4.8448   4.5042  -4.2509   3.2110   4.4947  -2.5830  -4.7245  -1.9094   2.6186   2.2920
   1.0654   1.7367  -4.7267  -2.7158   0.5422   1.1736  -1.7401  -3.1899   2.0263   0.8861
  -4.4098  -4.8970   1.8550   0.0058   2.5526  -1.2780  -0.3676  -1.3410   0.1200   1.8994
   3.7926   0.5834  -0.6564  -2.1832  -2.5367  -2.0366   2.5156   2.5333  -3.4671  -0.6048
  -3.2907   3.1594   3.9406  -0.0310  -2.5666  -0.4529   1.9629   1.2294   3.9372  -0.5978
   2.0318  -2.1210  -4.4472  -3.7763  -1.0970   3.5399  -0.2564  -0.7541  -1.6866  -1.5903
  -2.5207  -2.9558  -2.1381  -4.5529  -3.8808   4.7642  -0.8903   1.9677  -3.2012  -3.6900
  -2.5404   0.2841   4.7814   1.8296  -1.7620  -3.5481  -3.6604   0.7380   2.2267  -4.7872
  -0.0496   0.3494   2.6201  -4.4915  -1.3192  -3.5975   2.4405   0.3248  -2.3551   3.2373
  -1.0000        0        0        0        0        0        0        0        0        0
        0  -1.0000        0        0        0        0        0        0        0        0
        0        0  -1.0000        0        0        0        0        0        0        0
        0        0        0  -1.0000        0        0        0        0        0        0
        0        0        0        0  -1.0000        0        0        0        0        0
        0        0        0        0        0  -1.0000        0        0        0        0
        0        0        0        0        0        0  -1.0000        0        0        0
        0        0        0        0        0        0        0  -1.0000        0        0
        0        0        0        0        0        0        0        0  -1.0000        0
        0        0        0        0        0        0        0        0        0  -1.0000
>b (rhs) data
   26.5906
    0.9437
   38.1540
  -42.3011
    8.3851
   37.4983
   10.6395
  -16.9285
   33.8019
   45.8778
         0
         0
         0
         0
         0
         0
         0
         0
         0
         0
>c (costs vector) data
  -4.8862
   3.9151
   4.1323
  -0.0570
  -3.1837
   0.2044
   0.0460
   2.6372
  -0.6198
   1.1904
>Status flag:
UNBOUNDED