# Randomly generated test case
# Case number: 12; Generated: Sun Nov 19 05:44:16 4461606

# Parameters: n=10, m=15, a=10,b=100
>epsilon -- precision parameter
0.01
>A matrix data
  -1.1049   4.3020   0.7626  -1.4375  -1.1482  -2.5065   1.5384  -3.2924   4.5633  -1.7208
  -4.9725  -4.0153   3.8064  -3.0441   4.2888   0.4325   2.7177  -3.6347  -0.9967  -4.3272
  -4.2681  -0.8410   1.3780  -1.7073   3.5734   1.4803   0.4373   0.2538  -3.1027  -1.2733
   2.9128   3.4310  -0.3209   4.2379  -1.0813   0.2044  -2.5139  -0.3849   2.1931   0.5564
  -2.8448  -1.6972   0.6419   4.8946  -4.8719   1.4890  -4.8760   0.9206   0.3131   4.8167
  -0.2100   0.8137   4.7402  -0.7305   4.0206   1.3719   1.3792   3.0419   1.6851  -3.8992
   1.5894  -0.9150  -0.6162   4.0377  -4.3346  -1.4595  -3.0527   4.9284   3.6845   4.7453
   4.9809   1.0216   4.7800  -0.5913  -4.0667  -3.4076  -4.6542   0.4539  -1.9575   4.4734
  -2.5356  -2.5206   2.1816   4.0528  -3.8159   0.1373   0.6167  -4.8714  -3.8083   4.1294
  -4.9208  -2.0830  -3.1441  -2.8029   4.1943  -3.4922  -4.1145   2.2590  -2.3052   3.8493
  -0.7892  -3.8415  -4.8364   4.2763  -4.6078   1.6797  -2.1799  -1.1687   2.7670   3.2136
  -2.8984   3.4050   2.2314   3.2776   1.1334   3.1281  -1.6239   1.7901  -0.4652  -4.0628
   1.9999   2.0016   4.6332   1.0226   0.1700   0.9295  -3.7647   1.8559  -4.3560  -1.1520
   3.9273  -2.9993  -2.9634   3.6951   1.0089   4.0660  -1.2019  -1.0483   1.3228   4.4381
  -4.8082   0.2980   4.7354   2.9643   3.9941  -2.3946   4.2422   4.7405  -0.6820  -2.8947
>b (rhs) data
  -16.0276
   10.1105
  -19.0524
   39.0590
   10.1214
  -16.2305
    9.4461
  -26.7173
   48.9002
  -13.6799
    0.9919
   -5.9168
    0.9070
  -47.9328
   -5.0090
>c (costs vector) data
  -4.3265
  -1.6519
  -4.0328
  -4.1596
   2.4949
  -3.4186
   3.3533
  -2.9632
  -3.0644
  -0.7495
>Status flag:
UNBOUNDED