# Randomly generated test case
# Case number: 1; Generated: Sun Nov 19 05:44:16 4461606

# Parameters: n=10, m=15, a=10,b=100
>epsilon -- precision parameter
0.01
>A matrix data
  -2.1483   3.3466   4.7271  -3.4746   4.1810  -4.4647   3.7784  -1.0512  -4.0806  -0.9428
   3.6188   4.1230  -4.9386   1.2371   2.8263   2.6101   3.4682  -0.8258  -2.7731   4.6099
  -4.4411  -4.4086  -3.5248  -2.2805   4.8561   4.7758  -1.3514   3.4315   1.2249  -4.7034
   0.2591  -3.9681  -0.7386   0.5715   4.1367  -0.2153   4.3994  -1.0243  -1.0510   2.2011
  -2.0346   0.5481   0.3947   4.4405   1.5380   0.3079   2.3040  -1.3001  -0.1484   0.1844
   2.2509  -2.5064  -4.9540   4.6154  -4.6433   3.7479   2.6450  -2.9481  -2.8508   4.6265
   0.4077   4.0551   3.2081  -1.2109   3.2041  -1.8970   3.8939  -2.6043   0.1168   4.4002
  -4.7469  -2.0098   3.3262  -4.1863  -1.8033   4.9577  -3.3997  -4.0520  -0.7315  -2.8833
   3.6584  -1.8408  -4.0042   0.8352   3.3355  -2.3611   4.9231   2.7075   2.4098  -4.3213
  -3.1758   4.5714  -3.5782  -3.0537  -2.2094  -2.8822  -0.8349  -1.1913  -0.0061  -3.8628
   1.0336  -2.8836  -0.4838  -2.5757  -4.9242   0.4550  -1.0491   2.2482  -3.1758  -4.8904
  -1.4927  -1.9882  -3.6024  -2.1181   1.3244   4.4070   0.2018   4.4528   4.8711   4.5521
   0.9612   0.9635  -3.8134   4.4250  -2.6953   1.3536   3.0375   3.1623  -4.9167   2.5566
  -3.2603  -1.9394   3.1783  -1.1098  -1.5264   2.0008  -3.5890  -0.1313   0.1475  -1.4207
   4.6906   4.0377  -3.1029  -0.5908  -0.3170  -2.8929  -1.0402   4.1978   4.5241   1.8983
>b (rhs) data
   15.3670
    5.4218
   37.1338
    2.5751
  -17.0890
  -26.6656
   35.5161
   33.8270
  -18.0504
   48.3055
  -38.1328
    5.3939
    9.3524
  -28.3946
  -12.8154
>c (costs vector) data
  -0.4657
  -0.4465
   1.8537
   3.1764
  -2.6831
   4.5090
  -1.7445
   4.2003
  -1.8468
  -1.7063
>Status flag:
UNBOUNDED