# Randomly generated test case
# Case number: 29; Generated: Wed Dec 31 19:00:00 1969

# Parameters: n=10, m=15, a=10,b=100
>epsilon -- precision parameter
0.01
>A matrix data
  -2.9604  -2.3920   1.3048  -3.7915  -2.7657   0.6608  -3.0346  -2.3348  -4.3383   3.5169
  -3.6611  -3.6760   2.1735  -3.9657  -2.0190   4.7367  -1.3884  -4.7726  -4.1787  -4.1805
  -4.8775  -1.2663  -4.5940  -3.6990   2.9619   3.6443  -4.2722   1.6679   1.1870   4.6894
   4.4072  -4.7377  -3.2822   4.6378   1.7551   3.9598   1.4801   4.1774  -3.8709   3.0281
  -0.0898   3.7861  -3.2797  -1.1448  -2.6090  -1.1162  -4.0919   0.0209   0.0541   2.9066
  -1.0000        0        0        0        0        0        0        0        0        0
        0  -1.0000        0        0        0        0        0        0        0        0
        0        0  -1.0000        0        0        0        0        0        0        0
        0        0        0  -1.0000        0        0        0        0        0        0
        0        0        0        0  -1.0000        0        0        0        0        0
        0        0        0        0        0  -1.0000        0        0        0        0
        0        0        0        0        0        0  -1.0000        0        0        0
        0        0        0        0        0        0        0  -1.0000        0        0
        0        0        0        0        0        0        0        0  -1.0000        0
        0        0        0        0        0        0        0        0        0  -1.0000
>b (rhs) data
  -27.8484
   34.2717
  -27.8908
   40.8900
   38.9923
         0
         0
         0
         0
         0
         0
         0
         0
         0
         0
>c (costs vector) data
  -1.3966
   1.1453
  -4.8225
   3.0897
   4.2832
  -3.7533
  -4.3357
  -1.6117
  -4.9785
  -4.8549
>Status flag:
UNBOUNDED