# Randomly generated test case
# Case number: 21; Generated: Sun Nov 19 05:44:16 4461606

# Parameters: n=10, m=15, a=10,b=100
>epsilon -- precision parameter
0.01
>A matrix data
  -3.3095   4.1735  -4.1026   2.8262  -2.0636   4.0512  -4.6674  -3.6668  -0.7660   1.4213
  -2.9394   2.3573  -2.1662  -2.2404  -1.3277  -3.2378   1.3569  -3.0023  -3.2772  -3.2497
  -2.9477   2.2839   2.2281  -3.0134  -3.2651   2.9944   1.3527  -2.5052  -1.4576  -3.3876
   3.0416  -2.3223  -1.1776   4.9866   3.2197   4.8131   2.4759   1.6265   2.4516   0.9017
  -4.6491  -1.4470   1.3551  -1.8417   0.8712   0.7808   2.7386   0.4892  -0.0367   4.9305
  -1.1805   2.3579  -2.9723  -3.6457  -1.5349  -1.9850  -1.4210   2.3491  -2.4306  -4.3666
  -0.2173  -2.9790   1.3326   1.9270   4.1962  -2.4112  -0.4512  -0.9578  -0.9443  -0.0326
  -2.9197   3.3553   4.3224  -3.1642  -3.8947   1.0083  -3.9428   3.5057   1.7592  -0.9742
   0.8216  -3.0149  -4.4493  -1.2338   0.7533   2.1885  -2.4927  -3.3262  -2.9686   4.5532
  -1.3651  -3.6375   4.4928   4.8999  -1.4590  -1.7994   4.7727   1.9069  -0.1252   0.9209
  -2.0616   2.8438  -4.8863  -1.3354   1.8537  -3.7493  -1.2503  -1.3737   1.2980  -0.7971
  -3.5967  -4.4192  -3.4478   3.6827  -3.9082   2.3995  -3.5917  -0.0059  -1.5252   2.0350
  -0.6177   2.2609   1.4756   2.7055   3.4557   2.2328  -4.3902   4.5028  -4.8040   0.5587
   1.0702  -4.1284  -2.6665  -1.7925  -0.8293   2.8023   0.3311   2.7869   4.1212  -4.6868
   4.1929  -3.1674  -0.3988   1.6585   2.2029   0.2122   2.0076  -4.8512   3.8892   1.8838
>b (rhs) data
   11.4179
  -22.7369
  -32.7893
   23.0659
    7.7124
  -12.7427
   26.7771
  -15.7061
  -28.7400
  -28.1621
   33.1732
   23.2072
   40.6144
  -42.7815
  -24.1823
>c (costs vector) data
   0.8328
  -0.7888
   1.7077
  -4.6651
  -4.4211
   0.9017
   3.3972
   2.2555
   2.6122
   3.4286
>x -- known optimal solution
   25.2918
   38.6387
   -4.4869
    0.5797
   -8.9695
   -3.7719
   20.2100
   11.0978
   -7.5895
   28.0010

# Optimal objective: 186.34
