# Randomly generated test case
# Case number: 19; Generated: Wed Dec 31 19:00:00 1969

# Parameters: n=10, m=15, a=10,b=100
>epsilon -- precision parameter
0.01
>A matrix data
   2.6827   4.5017  -1.7605   1.0728  -1.9981  -1.9323   0.1727  -0.1176   0.9207   0.3628
   1.2272  -0.9819  -2.3873   1.3035  -3.3743  -2.8963   4.0221  -3.1590  -4.0549   4.2089
   1.0885   2.4967  -3.2574  -1.7508   0.5399  -4.8481  -2.3951  -3.9184   4.4996   2.8570
   1.0886   2.4013   4.2954   4.8375   4.9867  -3.9318  -3.3166  -4.7862  -3.0997  -2.1717
   2.1615  -2.2160   1.8669   3.6967  -3.7830   1.1869   1.0678  -0.6696  -2.4659   1.3463
  -2.4103   4.2406   0.4781   2.3758  -2.0133   2.9322   1.2200  -1.3577  -4.2148   0.0969
   1.6409  -4.6966  -3.2321   0.6606  -0.3750  -3.2802  -3.7872   3.0308  -0.2431  -0.9015
  -4.6045   3.1776  -0.7407  -2.0943   1.4097  -4.6254   1.3739  -2.0230   0.9737  -3.0049
  -4.5462   4.8006   3.6996  -1.8395   2.8776  -4.5779  -1.8135  -0.2664   4.7252   1.4013
  -1.7659   0.9488   3.5427  -4.5400   4.4246   3.5733  -0.7209   1.6414  -2.3953  -1.4682
   1.5698   0.2061   1.1406  -4.6339  -2.0765   4.2577  -0.9955  -4.3542  -3.6326  -0.3472
  -1.3576   4.4808  -0.2067   2.2129   2.2517   1.6843   1.3074  -1.2263  -4.1235  -1.2969
  -1.3379  -4.0894  -3.1602  -4.4854   4.0932  -2.5031   0.6866   2.3779  -1.8775  -1.5411
  -0.7839  -0.0126  -0.8068   4.0750  -2.1388  -2.9171  -2.2867  -2.9431  -2.0974   0.9113
   2.4193  -1.5179   0.0630   1.0266  -0.7067   4.5888  -1.3469  -2.4582   4.9968  -4.5683
>b (rhs) data
   46.3516
  -19.4700
   40.7055
  -18.1177
    6.5578
  -24.8635
   -8.4637
   -1.9618
  -11.3876
   43.1519
  -19.6951
   -9.1102
   -4.3001
   40.7818
   42.0956
>c (costs vector) data
   3.4170
  -2.9136
  -3.9272
   0.0437
   2.4210
  -2.0516
   2.7614
   4.0514
  -4.2700
   1.1783
>Status flag:
UNBOUNDED