# Randomly generated test case
# Case number: 44; Generated: Wed Dec 31 19:00:00 1969

# Parameters: n=10, m=15, a=10,b=100
>epsilon -- precision parameter
0.01
>A matrix data
   3.0551   3.7507  -0.1724  -0.0649  -1.7057   0.6072   4.6823   0.3240   3.6376   1.8277
   2.7297   2.1311   3.5732   4.4685   1.0315   1.1799  -1.3477   2.9922   0.5380   1.7754
   0.6052   1.9339   4.8675  -2.4206  -0.4152  -3.9291  -1.7750  -1.1886   1.9000  -3.4777
   2.5951  -3.5799   1.9416   0.7418   1.2208  -2.5494  -1.1898  -0.1861   0.1209   4.7080
   0.2771  -0.3779   0.9630  -1.3263  -3.9479  -4.1942   0.2856  -0.0022   3.9974   3.3861
   4.4582  -0.5847   4.8039  -3.8372  -1.1793  -3.8216  -3.9209   2.1863  -4.1933  -2.8475
  -3.7264   3.1969  -2.5215   4.8067   4.5713  -2.0095  -1.1167   0.0258  -3.7125   3.2104
  -3.0534  -0.4861  -0.1649  -2.3871  -0.3033  -4.3909   2.9908  -3.9865   3.7182   4.0115
   1.4145   2.2612   2.0838  -1.6661  -2.2497  -3.7719   4.6812   3.2261  -1.2096  -1.4615
   4.6607   3.6686   1.2144   2.2655   0.3285  -3.2987  -4.1146   3.8773   2.9077   3.3998
   4.4235   1.0259  -0.6581  -4.5492   4.4765  -3.7393  -4.7777   2.2163   2.9018   4.4786
   3.6709   0.4388  -3.3272  -1.4198   2.9744  -0.4901   4.9429   0.4280   1.5687  -1.7844
  -0.9835  -1.5176  -0.6192  -3.1591  -1.4211  -3.7092   0.3691   0.6151   1.0755  -2.3417
  -4.6187  -4.9511  -2.0587   3.7639   4.1478   3.3887  -2.7017   1.0946   2.7482   2.5668
  -3.7891  -2.7986   0.7952  -2.0078  -1.2483  -0.3804   1.7828  -0.4553  -1.5596  -4.9276
>b (rhs) data
    2.2063
   -2.9356
   -5.0221
  -39.8151
    5.5440
   -2.6783
   30.6649
  -39.2654
   -9.1879
  -14.0785
   -7.3128
    2.4666
   19.2935
  -38.1463
  -30.2442
>c (costs vector) data
  -0.6418
   4.4662
  -0.5257
   1.0520
  -4.0280
   1.8151
   0.9452
  -3.1977
   1.8354
  -2.6924
>Status flag:
UNBOUNDED