# Randomly generated test case
# Case number: 35; Generated: Wed Dec 31 19:00:00 1969

# Parameters: n=10, m=20, a=10,b=100
>epsilon -- precision parameter
0.01
>A matrix data
   4.3040  -0.1151  -1.9999   4.6000   3.5023   1.7223  -4.0483   1.4104  -2.0968  -4.4193
   3.1315  -2.0717  -3.7294  -2.4836   2.8105  -0.1565  -1.0435   2.9344  -3.2222   0.0418
   0.3143  -4.9442   3.2958   4.7739   0.7053  -4.1941  -4.9135   4.3385  -2.9108  -0.7915
   1.1365   3.0030  -3.1844  -3.5575   3.2482  -2.5482  -4.0144   2.6678   4.1919   3.2536
  -4.2829   2.8864   2.4386  -1.8808   4.6413   3.8226  -4.5038   3.7149   1.5070  -2.1252
   3.6770   3.2236  -4.6273  -1.3100   0.2221  -4.6258   0.4095   0.1062   0.4846   0.7379
  -1.1336  -1.3496   1.9778  -0.8521  -1.6645  -1.2225   4.9419   0.8611  -1.8693   0.9625
  -3.5718  -2.0393   2.5890  -1.7952   4.3781  -1.9884   2.5512  -3.3127   1.3116  -1.8030
   4.7405   4.3988  -2.3963  -4.9870  -1.1986   2.0902  -0.1538  -0.2844  -2.7283  -0.0538
  -4.1458   0.6983  -2.6456   3.7733  -2.0789   2.3681  -4.0673  -1.4710  -2.0849   2.0777
  -1.0000        0        0        0        0        0        0        0        0        0
        0  -1.0000        0        0        0        0        0        0        0        0
        0        0  -1.0000        0        0        0        0        0        0        0
        0        0        0  -1.0000        0        0        0        0        0        0
        0        0        0        0  -1.0000        0        0        0        0        0
        0        0        0        0        0  -1.0000        0        0        0        0
        0        0        0        0        0        0  -1.0000        0        0        0
        0        0        0        0        0        0        0  -1.0000        0        0
        0        0        0        0        0        0        0        0  -1.0000        0
        0        0        0        0        0        0        0        0        0  -1.0000
>b (rhs) data
   13.4111
   35.1051
   24.7419
   -7.7132
   22.1636
  -44.1232
   28.5584
  -37.1518
  -39.7384
   36.9922
         0
         0
         0
         0
         0
         0
         0
         0
         0
         0
>c (costs vector) data
   4.9344
   3.3579
   4.0318
  -3.1745
  -4.9706
  -3.8462
   3.7020
   4.5761
   3.4937
   0.8489
>Status flag:
UNBOUNDED