# Randomly generated test case
# Case number: 40; Generated: Wed Dec 31 19:00:00 1969

# Parameters: n=10, m=20, a=10,b=100
>epsilon -- precision parameter
0.01
>A matrix data
   2.2112   0.9344   1.2603  -0.2455   0.8754   2.5875  -0.8972  -3.6246   1.3629  -0.3399
   0.3413  -4.5633  -0.0450  -4.2059  -0.7158  -1.3120  -2.9453  -3.4311  -2.1174   2.8673
   4.2406  -2.6666  -3.5847  -0.5615  -0.2825   0.9029  -0.3513   0.8476  -3.8217   3.4313
   1.8829   2.1614  -3.3509  -4.7689  -4.7881   1.2694  -4.8818  -1.6164  -2.6342   0.8108
   0.4002   3.1634   0.4743   3.7280   3.8073   3.3583   2.7668  -0.7589   1.6860  -3.7348
  -0.4606   0.2990  -4.2365  -2.3252  -4.6877  -3.3824  -2.0939   3.2205  -0.2117   1.5293
  -3.9994  -1.5449   4.4535   3.8949   4.9652  -3.2623  -1.4622  -2.1478  -3.2270  -1.4173
  -2.8824  -2.6938  -4.0262   3.4021  -3.2587   3.6723   4.6720   0.0064   3.4691  -2.0752
   0.4034   1.8886  -4.2859   2.6176  -4.8574   1.1808   4.8403  -4.5230   3.7472  -0.6134
  -1.0584  -3.5763   0.9253  -1.2634   3.0265   3.9698  -4.7903   3.0801  -2.4002   0.0721
  -1.0000        0        0        0        0        0        0        0        0        0
        0  -1.0000        0        0        0        0        0        0        0        0
        0        0  -1.0000        0        0        0        0        0        0        0
        0        0        0  -1.0000        0        0        0        0        0        0
        0        0        0        0  -1.0000        0        0        0        0        0
        0        0        0        0        0  -1.0000        0        0        0        0
        0        0        0        0        0        0  -1.0000        0        0        0
        0        0        0        0        0        0        0  -1.0000        0        0
        0        0        0        0        0        0        0        0  -1.0000        0
        0        0        0        0        0        0        0        0        0  -1.0000
>b (rhs) data
  -35.6604
    2.8580
  -12.4956
  -35.4203
   -0.6985
   34.1500
  -16.9955
  -48.4857
   31.5036
    3.5480
         0
         0
         0
         0
         0
         0
         0
         0
         0
         0
>c (costs vector) data
  -2.0360
  -4.7929
   2.5866
   2.9929
  -2.7851
  -4.0865
  -3.8913
  -4.6473
   2.5323
   2.6513
>Status flag:
UNBOUNDED