# Randomly generated test case
# Case number: 28; Generated: Wed Dec 31 19:00:00 1969

# Parameters: n=10, m=25, a=10,b=100
>epsilon -- precision parameter
0.01
>A matrix data
   3.7629  -0.9914   1.4039   4.9327  -4.4461   3.6866   4.7183  -1.6506   4.0507   3.0752
  -1.0485   3.9698  -1.4483   3.5850   1.9350  -1.2792   1.2744   3.0159  -4.3387   0.6735
  -4.8652   0.1814  -2.0733   1.5864  -0.8897   3.3313   4.4604  -4.0501   3.3743  -2.3680
   3.0523  -3.0653  -4.1015  -2.4588  -4.2867  -0.2070   3.0093   3.8994  -1.5210  -3.2620
  -4.5763   2.3880   2.5610  -3.9623  -2.6082  -1.1660  -3.8066   0.0247  -1.5760   1.0764
  -3.8851   2.4237  -3.9497  -4.4156   1.1695  -1.2828   2.1600  -3.5020   0.0117   2.5385
   3.7606  -1.0508  -3.1849   4.6973   2.2782  -4.1332   0.3506  -0.0028  -3.5873   4.8201
  -1.0552   3.7306   0.3844  -0.8108   1.5680  -3.4753  -4.1334  -0.1791   4.0263  -0.3323
   2.3011  -4.6695  -3.0842   0.8682  -4.1055   0.7485  -4.5755   2.9529   0.3963   2.9426
   3.7221  -4.3884  -3.8667   3.5170  -4.4566  -0.2273  -0.6682  -4.5796  -1.5955   3.4106
   4.3986   0.7213  -2.0117  -4.6898   3.3414  -1.1345   4.0257  -3.7615   1.9079  -0.4581
  -2.5048  -2.9704  -3.0153  -4.5126   3.9292  -4.5329  -3.4283   0.0038   1.2662  -4.3738
  -2.4820  -1.7263  -2.9145   4.3085  -4.0605   2.5145   2.9197  -2.5633  -4.8421   0.7907
  -0.0746  -2.6000  -3.4273  -1.9121  -2.2599   1.2965   0.1006   0.5595  -3.4657  -3.3654
  -3.8671  -2.2127   2.4929  -2.7486   1.5740   2.1887  -3.7292  -1.3892   3.7682  -4.7189
  -1.0000        0        0        0        0        0        0        0        0        0
        0  -1.0000        0        0        0        0        0        0        0        0
        0        0  -1.0000        0        0        0        0        0        0        0
        0        0        0  -1.0000        0        0        0        0        0        0
        0        0        0        0  -1.0000        0        0        0        0        0
        0        0        0        0        0  -1.0000        0        0        0        0
        0        0        0        0        0        0  -1.0000        0        0        0
        0        0        0        0        0        0        0  -1.0000        0        0
        0        0        0        0        0        0        0        0  -1.0000        0
        0        0        0        0        0        0        0        0        0  -1.0000
>b (rhs) data
  -18.7117
   26.1696
   11.3906
  -44.6805
  -20.1097
   44.1696
  -45.4595
   -3.1630
   18.7672
    6.9165
  -29.3083
  -43.2577
  -29.0671
   28.3622
  -22.6018
         0
         0
         0
         0
         0
         0
         0
         0
         0
         0
>c (costs vector) data
   4.5586
   2.2151
   2.4490
  -0.5440
  -4.1588
  -0.8023
   1.3965
  -1.7284
  -0.6847
   2.5002
>Status flag:
INFEASIBLE