# Randomly generated test case
# Case number: 5; Generated: Sun Nov 19 05:44:16 4461606

# Parameters: n=10, m=15, a=10,b=100
>epsilon -- precision parameter
0.01
>A matrix data
  -2.5124  -0.0647   4.1863   3.0632  -2.6380   2.1323  -3.1970   1.4029  -4.6365  -3.6160
   3.6696  -0.6765  -2.3646   4.0472  -2.7002   1.5139   3.6506  -0.0258  -2.8042   2.4036
   1.6400   4.8211  -3.5847   3.4388  -2.5866   0.0234  -3.3604  -3.3372  -1.5318   3.2541
  -4.6559  -0.9911   4.8968  -4.3269   1.1165   4.7761   4.4616  -3.1836  -0.5533  -2.7098
   4.7719   1.2286  -2.8448   0.1133  -4.9433  -3.2254  -0.2776  -1.2931   4.2965  -3.5545
  -4.7960   4.3110   1.3471  -0.5656  -3.7185  -1.3083   4.6868  -4.5243   0.7327  -0.2287
  -4.3978  -0.2286   1.9677  -2.4661  -1.8282  -0.3231  -3.8911   4.8561  -2.3533  -2.7429
  -2.8746   4.6955  -0.6894  -1.4024   3.4987  -0.9293   1.4754   1.6403   1.1526   0.7442
  -3.4836   3.5794  -0.7537  -4.7861   2.4791  -3.2963  -3.5978   3.2236  -2.2496  -4.7145
   2.3561   3.8247   0.2186   3.8220   0.1417  -3.7877  -4.9225  -4.6289   2.3119   4.8576
  -0.3703  -0.1662  -3.1245   1.2157  -4.3305  -3.5001  -0.2730  -2.4963   2.5934  -1.5856
   4.5937  -3.6095   2.1971  -3.8836  -4.4862   3.0065  -4.8619  -3.7128   0.1361  -0.2730
  -4.0706   2.2541  -1.6550  -4.4363   4.5200   0.7410  -1.9253  -2.5215  -4.0643  -4.6276
  -4.6400   3.8599  -1.9159  -3.7006  -0.1428  -2.6356  -4.9635   0.6618  -0.7481   3.0377
   1.8577   0.3694   1.9445   4.7774  -0.0096  -4.0826   3.6034   3.8953  -1.7471   1.2613
>b (rhs) data
   26.4205
   29.5263
  -27.9351
   38.7296
   33.5873
  -24.6771
  -10.6642
  -26.6653
    2.5926
   -2.3302
   -3.8562
  -43.6052
   35.3812
   22.0664
   -0.0088
>c (costs vector) data
  -1.8043
  -3.0903
  -4.2297
  -3.2263
  -3.1221
  -1.0347
   1.0809
   1.4971
   1.3044
  -2.0833
>Status flag:
UNBOUNDED