# Randomly generated test case
# Case number: 5; Generated: Wed Dec 31 19:00:00 1969

# Parameters: n=10, m=20, a=10,b=100
>epsilon -- precision parameter
0.01
>A matrix data
   1.0561  -3.4089   2.6664   0.9259   3.5369   4.5714   1.4153   4.8084  -1.0119   4.4992
  -0.1110  -3.4109   2.7483   3.2525  -4.3097  -0.2558  -0.5803  -3.4906  -3.2102  -4.3632
  -2.0924  -0.1990  -0.8200  -2.1662   0.1090  -1.8994  -3.3653  -3.8626  -1.9847   3.7516
   4.4485   2.9346  -2.8606  -1.8489  -2.3050   2.3449   3.8206   0.9596   1.0930   0.9270
   1.0012  -4.8498   4.4998   4.4575   1.8536  -2.3038  -3.5193  -4.1266   4.6330   0.6710
   2.0696  -4.2115   2.4080   2.8652  -4.2520   1.6906  -1.9400  -3.0552  -1.7414   2.9822
   4.0812  -3.4360   4.9262   2.9994   0.1081   2.2031  -0.2406   1.6904  -3.2354   4.1329
  -1.6588   1.4888   0.7478   1.4380   1.5081   4.5715  -0.3598   4.5880  -2.7629  -2.2456
   0.2959  -0.9988   0.8215   2.0946  -4.6544   0.0414   2.2118  -2.8311  -0.6415   3.6802
  -0.8007  -1.7063   2.6836  -3.6885   3.0426   3.5820  -0.2277   0.1580   3.9382  -2.7843
  -1.0000        0        0        0        0        0        0        0        0        0
        0  -1.0000        0        0        0        0        0        0        0        0
        0        0  -1.0000        0        0        0        0        0        0        0
        0        0        0  -1.0000        0        0        0        0        0        0
        0        0        0        0  -1.0000        0        0        0        0        0
        0        0        0        0        0  -1.0000        0        0        0        0
        0        0        0        0        0        0  -1.0000        0        0        0
        0        0        0        0        0        0        0  -1.0000        0        0
        0        0        0        0        0        0        0        0  -1.0000        0
        0        0        0        0        0        0        0        0        0  -1.0000
>b (rhs) data
  -12.5403
   49.7609
  -49.5968
    9.6445
  -38.4772
  -46.1680
   20.1955
   25.5790
   32.9137
  -24.9034
         0
         0
         0
         0
         0
         0
         0
         0
         0
         0
>c (costs vector) data
   0.4498
  -4.7807
  -4.8765
  -1.1964
   3.0933
   1.4418
  -2.5881
  -2.6384
   4.6384
   1.6912
>Status flag:
INFEASIBLE