# Randomly generated test case
# Case number: 46; Generated: Wed Dec 31 19:00:00 1969

# Parameters: n=10, m=15, a=10,b=100
>epsilon -- precision parameter
0.01
>A matrix data
   3.4863   3.1799  -1.8542  -1.4967   4.6702   1.9196  -1.2640   1.3852   1.5291   3.1640
   3.5848   3.5754   4.2539  -0.1403   2.3887   4.3678  -4.6274  -1.5569  -4.4771  -1.2885
   3.4290   2.5033  -3.1579  -4.0271  -4.1036   0.3041  -2.6352  -1.4457  -4.5200  -2.9498
   0.4455  -4.9445  -3.0298  -4.2496   3.4050  -0.6623   2.3342   4.5109   2.2272   4.9210
   1.1553  -4.0582   4.4564  -1.8851  -3.3388   3.8411   2.6963   3.8280   2.0495   0.4331
   4.7084  -0.0168  -1.0740   4.0840   4.1253  -1.9974  -3.9157  -2.5741  -0.5108   2.3874
  -4.7204  -4.0120   4.7853  -1.0451  -2.5687   1.9924  -4.7245  -2.4844   1.9573  -1.1264
  -1.8537  -0.6171  -4.2483  -1.3661  -2.4828   2.8883   3.9481  -3.3574   0.6484  -4.1348
  -3.1664   2.8396  -1.0840  -2.4202  -1.2661  -3.8397   1.9669  -4.7079  -2.6227   0.5915
  -2.0444   4.7319  -4.2877   3.9853   2.6004   3.9061  -3.2706   1.4828  -2.6263   0.5906
  -4.9087  -3.3432  -2.4462  -0.6645   0.9988   3.4075   1.3375  -2.4180   1.4311   0.7663
  -4.4542  -3.0888   4.3691  -1.2312   4.2825   2.5624   3.3115   3.9415   1.8176  -2.1652
  -2.5917   2.6195  -0.8744  -2.7267   2.8177  -1.1181   0.2370   4.7439  -2.2009  -2.8862
  -2.3953  -1.7950   4.5923  -4.9248   1.0002   1.6586  -3.7611  -2.6792   2.1294   0.9308
  -0.4586  -1.3622   1.3155  -3.7502  -1.0330  -4.5033  -2.4988   3.9086  -4.6344  -4.0810
>b (rhs) data
   -4.6214
    4.0813
  -19.3790
   -2.8144
   -8.4713
   13.2115
   42.7191
   25.5905
   -9.8190
   34.0115
   37.8564
   39.0329
  -27.5599
   29.1935
   35.0958
>c (costs vector) data
  -1.4887
   4.9349
  -4.5159
  -0.1897
  -4.2247
  -3.0885
   4.2421
   0.4809
   0.3048
   0.3118
>x -- known optimal solution
   -5.6452
   -6.8000
    2.4570
   13.5775
    0.0649
    1.8110
    2.3435
   -2.9240
   -7.1370
   -4.9346

# Optimal objective: -39.8708
