# Randomly generated test case
# Case number: 42; Generated: Wed Dec 31 19:00:00 1969

# Parameters: n=10, m=15, a=10,b=100
>epsilon -- precision parameter
0.01
>A matrix data
   4.7608  -4.0002   4.5203  -3.3446  -2.7478   4.8244  -1.6906  -0.3656   2.4189  -4.7112
   1.9008  -3.1675   0.8239  -2.9957  -0.7749  -3.6373   0.2300   3.3530  -0.4124  -3.2652
   2.8496   4.4989  -4.8154   4.1755  -3.9571  -1.2533  -1.6423  -3.9032   4.2513  -3.0361
  -4.3398   0.0039   1.9473   4.9387  -0.5025   1.6066  -4.0852   2.5600   2.9999  -4.4176
   1.8559   2.8951   4.0761   3.1802  -2.0555  -3.8671   2.0286   4.3502  -2.5495  -3.9300
  -1.0000        0        0        0        0        0        0        0        0        0
        0  -1.0000        0        0        0        0        0        0        0        0
        0        0  -1.0000        0        0        0        0        0        0        0
        0        0        0  -1.0000        0        0        0        0        0        0
        0        0        0        0  -1.0000        0        0        0        0        0
        0        0        0        0        0  -1.0000        0        0        0        0
        0        0        0        0        0        0  -1.0000        0        0        0
        0        0        0        0        0        0        0  -1.0000        0        0
        0        0        0        0        0        0        0        0  -1.0000        0
        0        0        0        0        0        0        0        0        0  -1.0000
>b (rhs) data
   44.5544
    8.2898
  -22.2345
   -3.8323
   -9.2887
         0
         0
         0
         0
         0
         0
         0
         0
         0
         0
>c (costs vector) data
  -0.0572
   2.1719
   0.3711
  -3.1614
   0.4677
  -3.8810
  -1.1540
   3.9527
   0.9655
  -2.8695
>Status flag:
UNBOUNDED