# Randomly generated test case
# Case number: 44; Generated: Sun Nov 19 05:44:16 4461606

# Parameters: n=10, m=15, a=10,b=100
>epsilon -- precision parameter
0.01
>A matrix data
  -3.3011  -4.0980  -4.9248   3.8506   0.7966  -0.4613  -1.6426  -1.8727  -4.7216   0.3863
  -2.5025   0.2077  -3.2171   0.9589  -4.7814  -0.3223   3.8535   0.0703  -4.5520  -2.5139
   2.1326  -1.8862  -0.6769  -2.6914   3.7086  -3.9195  -4.9206   2.9095   3.5913  -2.5054
  -4.4658   0.3956  -3.3131   4.6194   3.0617  -1.1574   3.6094  -1.7748   4.0026  -0.3608
  -4.1290   0.5510  -4.7352   3.8487   0.9087  -2.1570  -4.2110  -4.5348  -1.8414  -2.6065
  -2.2586   2.3312  -3.1496   3.8228   4.1487  -2.1910  -4.6912  -2.7267   2.3413   1.7454
  -4.1483   0.6066  -3.0688   2.4155   4.3740  -2.8523  -2.3543   3.2704   3.7009  -1.9869
   3.5879   0.2375   1.1346   2.2872  -1.4614  -0.2714   3.1551  -1.0137  -2.9382  -2.8386
   0.1522  -3.1605  -3.6372   4.7458   3.7535   4.8622   3.0421  -1.4163   4.1066   4.1998
  -1.7984  -1.7657   1.4485   0.2581  -1.3393  -4.2082   4.0759   0.3846   0.1803  -2.9004
  -1.5893  -1.3608   1.9448   4.1063   4.6544  -0.8472  -4.7998  -3.3109  -0.5181  -4.7373
   2.7448   2.4045  -0.8361  -2.0699  -0.9230   3.1788  -1.6599   3.4738  -0.1883   2.7419
   4.4758  -3.9164   4.4628   4.7083   1.4819   0.6172  -1.4931  -1.1604  -0.7872   4.1604
  -0.2775  -4.3592   0.0343  -0.8166   0.2529   0.7862   1.7048   1.1192  -0.2362   2.4413
  -0.8881  -0.7496   4.8667   3.4769  -4.0739   4.0855   1.3999   4.8281   0.9397  -3.7098
>b (rhs) data
  -18.4838
  -32.1661
  -42.2047
  -37.9158
   40.4722
   41.5499
   -0.0405
   18.3349
  -22.1663
   17.7006
    2.7169
   12.2005
   -0.6085
   10.9790
  -48.1820
>c (costs vector) data
   2.7819
   3.6633
  -2.7765
   2.0368
  -1.4731
  -3.5480
   0.9693
  -3.7586
  -0.5631
  -2.9511
>Status flag:
UNBOUNDED