# Randomly generated test case
# Case number: 8; Generated: Wed Dec 31 19:00:00 1969

# Parameters: n=10, m=25, a=10,b=100
>epsilon -- precision parameter
0.01
>A matrix data
  -1.1523  -1.4922   3.3739  -2.5458  -4.3606  -0.0754   3.3322  -2.2500   4.9786   3.8018
  -2.3190  -3.8379   3.1948   2.5931  -1.3465  -0.9673  -2.0284   2.3254   1.9554  -3.8825
  -2.6208  -4.8804  -1.6773  -1.5458   2.1641  -3.3147  -0.6077   3.9069  -3.4164   2.1710
  -3.6175  -1.4577   0.2205  -0.4034  -0.3956  -3.9131  -4.1766   3.4576  -1.1964  -4.7633
   1.3399  -0.2082  -0.7262   2.3503  -4.4721  -2.9644  -1.5015   0.1273   3.0193  -0.8943
  -0.3204   3.7427   3.4805   3.5164  -3.5922  -4.5281   0.8345  -0.0576  -0.7404  -3.1016
  -1.4789   4.4027   2.1838  -1.6292  -3.8951  -0.0473   0.2478  -0.7383  -2.5618  -0.3391
  -4.4588  -4.6036   4.4937  -1.3712  -2.9610   3.5748  -0.5181  -3.1290  -2.0112  -2.3959
   4.2438  -2.9195  -3.1439   3.3204   2.8458  -4.3226   2.9544  -2.1008   0.1865   1.8703
   4.6380  -4.8356   2.4826  -0.6796   2.2428   3.3368   0.6046  -1.1853  -4.8994   2.0902
  -2.4397  -4.8882  -4.8653   4.2940   0.7350   3.6305   1.9815   2.3230  -4.7368   0.0436
   4.7342   2.2378  -3.9274   1.8286   1.2495   1.4416  -3.7741   2.8911   1.3294   4.2011
  -4.7060  -1.6615   4.2269  -1.4374   3.0994   1.7757   3.3113  -1.8071  -2.6501  -1.8495
   4.4544  -0.1961  -4.3903   0.6456  -4.8806   2.3638   2.9084  -3.8849   3.8838  -3.3356
  -4.2915  -4.0833  -0.0611   0.9536  -4.1868   4.9306  -2.0781   0.7280  -2.0069   2.4067
  -1.0000        0        0        0        0        0        0        0        0        0
        0  -1.0000        0        0        0        0        0        0        0        0
        0        0  -1.0000        0        0        0        0        0        0        0
        0        0        0  -1.0000        0        0        0        0        0        0
        0        0        0        0  -1.0000        0        0        0        0        0
        0        0        0        0        0  -1.0000        0        0        0        0
        0        0        0        0        0        0  -1.0000        0        0        0
        0        0        0        0        0        0        0  -1.0000        0        0
        0        0        0        0        0        0        0        0  -1.0000        0
        0        0        0        0        0        0        0        0        0  -1.0000
>b (rhs) data
  -33.4815
   -2.6819
   -3.3667
  -44.1223
  -41.7173
   18.1522
  -12.2973
  -29.6625
  -12.6817
   18.9434
   47.7711
  -23.3023
  -38.1761
  -18.9894
  -41.8071
         0
         0
         0
         0
         0
         0
         0
         0
         0
         0
>c (costs vector) data
   2.9640
   2.4624
  -1.7560
   1.6926
  -3.0346
  -2.5162
  -2.4696
   0.8032
   2.9499
  -0.3233
>Status flag:
INFEASIBLE