# Randomly generated test case
# Case number: 39; Generated: Wed Dec 31 19:00:00 1969

# Parameters: n=10, m=25, a=10,b=100
>epsilon -- precision parameter
0.01
>A matrix data
   0.9955  -2.8084  -2.6194   0.1013  -2.7297  -0.7203  -0.6477   2.6880  -2.9750  -4.5220
  -2.9102   0.2521  -4.6962  -0.9505  -0.8440   0.0105  -2.0055  -2.1363   1.3993   3.1973
  -1.5982   3.7087  -3.8791   0.7028   4.7689  -3.3645  -4.1222   2.5652  -0.7550   0.8705
  -3.5963  -1.5337   1.5975  -0.6469   3.4076   0.8111  -1.1144  -1.8496   0.3574  -3.8037
  -4.5220   0.3979   2.6467  -2.1818  -4.1438   3.5861   1.5436  -3.5366  -4.9874   1.2022
   2.1267  -0.8447   2.9529   3.6409  -2.7777  -2.9576   4.8160   3.0388   2.7679  -3.2284
   2.3570  -1.3720  -3.6666  -1.1074  -3.4771  -1.5056  -2.2988   0.4641   3.3154   4.8253
   2.3680   4.9025   1.6690  -1.9364   4.1302   2.8336  -4.4692   0.9203  -4.7720  -3.1969
  -3.1967   0.3270  -4.0205  -1.4111   4.1011   4.1937  -2.5914  -4.2500  -2.7416  -0.2872
   3.4405  -1.9755  -0.5107  -4.3560   1.7660   0.0225   2.3592   2.7515  -1.1813  -1.2894
  -4.6245   3.3202  -3.8389   1.8172   4.4290   0.1075  -3.0214   1.9310   3.6493  -4.3669
   3.5096   1.3825   4.5770   0.8344   1.8688   2.3109   3.4987   0.0886   2.2536   2.5732
   0.2432  -3.1570   3.9854   2.0132   2.3028  -1.8002  -0.3205   4.1287  -3.4090   3.3660
   0.5874  -1.8343  -4.3304  -0.5301   3.7061   1.3776   1.5531  -3.4517  -4.1373   3.9332
  -3.2668  -0.7787   0.8437   0.7777  -3.5056   4.7641  -0.2042   0.3722  -2.6364  -0.1161
  -1.0000        0        0        0        0        0        0        0        0        0
        0  -1.0000        0        0        0        0        0        0        0        0
        0        0  -1.0000        0        0        0        0        0        0        0
        0        0        0  -1.0000        0        0        0        0        0        0
        0        0        0        0  -1.0000        0        0        0        0        0
        0        0        0        0        0  -1.0000        0        0        0        0
        0        0        0        0        0        0  -1.0000        0        0        0
        0        0        0        0        0        0        0  -1.0000        0        0
        0        0        0        0        0        0        0        0  -1.0000        0
        0        0        0        0        0        0        0        0        0  -1.0000
>b (rhs) data
  -17.0167
   16.3555
   23.9833
  -42.3795
  -23.8504
   26.6489
  -12.9507
   28.7129
   31.3355
   43.6128
   29.6675
    3.6753
  -18.0017
   34.2987
   16.8264
         0
         0
         0
         0
         0
         0
         0
         0
         0
         0
>c (costs vector) data
   2.4164
   2.4263
  -1.6835
   0.6557
  -1.9084
  -1.9537
   0.6866
  -4.0542
  -0.5033
  -1.0281
>Status flag:
INFEASIBLE