# Randomly generated test case
# Case number: 20; Generated: Wed Dec 31 19:00:00 1969

# Parameters: n=10, m=15, a=10,b=100
>epsilon -- precision parameter
0.01
>A matrix data
   2.4237  -4.8955  -1.0006   4.4447  -1.8215   0.8797   4.0055  -2.5053  -2.9491   4.8930
  -0.3358   1.2902   2.3379   1.8774  -0.3581  -3.9575  -2.1259  -2.2447  -3.4726  -4.0901
   0.7964  -1.0875   3.4400  -0.7270   4.7565  -2.2345   0.7760   4.6782   3.9716   0.0769
   0.2734   2.3738   4.5412  -0.7306  -2.6421  -3.7896  -4.5019   3.1313   3.0793   0.3713
   3.6102   1.9157   3.7738   4.1285  -3.9825   1.4558  -3.4370  -4.7776  -0.2890  -1.7361
  -1.0000        0        0        0        0        0        0        0        0        0
        0  -1.0000        0        0        0        0        0        0        0        0
        0        0  -1.0000        0        0        0        0        0        0        0
        0        0        0  -1.0000        0        0        0        0        0        0
        0        0        0        0  -1.0000        0        0        0        0        0
        0        0        0        0        0  -1.0000        0        0        0        0
        0        0        0        0        0        0  -1.0000        0        0        0
        0        0        0        0        0        0        0  -1.0000        0        0
        0        0        0        0        0        0        0        0  -1.0000        0
        0        0        0        0        0        0        0        0        0  -1.0000
>b (rhs) data
  -47.9638
   24.7496
   16.4038
   -0.8090
  -39.2112
         0
         0
         0
         0
         0
         0
         0
         0
         0
         0
>c (costs vector) data
  -4.0127
  -3.6939
  -3.3077
   0.1678
  -0.0204
  -2.4415
   0.3036
  -0.5108
  -2.0474
   1.9692
>Status flag:
UNBOUNDED