# Randomly generated test case
# Case number: 4; Generated: Wed Dec 31 19:00:00 1969

# Parameters: n=10, m=10, a=10,b=100
>epsilon -- precision parameter
0.01
>A matrix data
   0.8721   0.9612  -2.5505  -4.4262   4.7427   3.7029   0.8089  -1.9582   0.9837   0.6628
  -1.0038  -2.6474  -2.5810   1.8180   3.0826  -4.8355   2.9455   1.6041  -0.8674   4.3702
  -4.7580  -1.7311   3.5912  -1.3018   1.4848   3.9218  -2.0919   2.4831   0.5098  -2.3855
   3.8673   0.2668   3.7114  -2.2031  -4.9483  -2.2152  -4.5998   2.8450  -2.4224   2.1994
  -3.2172   1.3859   2.1077  -3.9631   4.0483   1.7972   3.7756  -1.2104  -2.1249  -2.8276
  -1.0757  -3.3959   4.5344  -3.9499  -0.9259  -1.6626   2.1282   4.3145   1.0009  -1.4050
  -3.1236  -2.9954  -3.2703   2.2757   4.4896  -2.2016  -2.3544  -1.8651   2.7707   3.1714
   3.5940   2.1776   0.4704   3.7582  -1.5601  -1.8756   0.8739   0.1943   2.0700  -1.2621
  -2.7236   1.1670   4.2117   1.1559  -0.4047   1.1111   1.2431  -0.5145   0.0010   0.9313
   1.8308   0.4230  -1.1522  -3.5917   3.5599  -0.1382   0.9345   4.6214   4.3434   3.7169
>b (rhs) data
   28.0860
    0.3740
    6.0712
   29.2365
  -45.6305
  -35.6413
   -7.5460
   32.4697
   -3.7012
  -21.3738
>c (costs vector) data
   3.2586
   3.6649
  -0.5030
   0.2987
  -1.5818
   4.9763
  -4.9580
  -2.3618
  -0.7974
  -4.2633
>Status flag:
UNBOUNDED