# Randomly generated test case
# Case number: 40; Generated: Wed Dec 31 19:00:00 1969

# Parameters: n=10, m=10, a=10,b=100
>epsilon -- precision parameter
0.01
>A matrix data
   3.8842  -2.1890  -2.5869   0.9530   4.3275   2.8085   3.7178  -4.4283  -2.2012   2.4533
   2.8399   0.2838   2.7784  -4.9766   4.0466   2.6473  -4.8749  -4.4997   2.4955   2.7419
  -3.9349   3.6350  -0.7042   4.9800  -0.1926  -1.8810   1.5759   0.2990   3.2711  -0.2012
   0.7687   2.1165  -4.9398  -2.2901  -2.6248  -4.6027   4.8492  -1.2933   0.3772   3.4763
   3.0403  -0.3260  -0.6037   3.8249   2.2768  -4.7098   3.7290  -3.5728   0.0223   2.6385
  -2.5377   2.7843   4.1215  -0.5992  -1.6234   1.1509  -4.8725   4.5196  -4.7360  -1.1265
  -1.3142  -3.5549  -1.4448  -2.1598  -4.7767   0.9718   3.3602   2.5296   3.6576  -3.3546
  -3.1406  -1.2870   2.0662  -2.0744  -3.2674  -2.6521   3.4781  -3.5377  -3.6450   3.9433
  -2.5799  -1.8689   0.8663  -4.7149   4.4663  -4.3856   2.8953   1.2934   2.8403   4.2748
   0.0882  -3.6628  -1.6597   0.4211   0.2867   2.5933  -1.8141  -2.4312   3.3976   2.8758
>b (rhs) data
  -38.7484
  -34.3007
  -15.9527
   -9.6459
   43.1717
   21.5365
   13.2600
   27.9921
   32.5996
   -8.5890
>c (costs vector) data
  -3.5872
  -4.9925
   4.0452
   1.7856
   4.9060
   4.8636
   4.4533
  -2.0511
  -1.6518
  -4.6281
>Status flag:
UNBOUNDED