# Randomly generated test case
# Case number: 2; Generated: Wed Dec 31 19:00:00 1969

# Parameters: n=10, m=15, a=10,b=100
>epsilon -- precision parameter
0.01
>A matrix data
   0.2584   1.6920  -0.7908   1.2357   2.2153   4.7570  -0.7501  -0.0283   1.5135  -4.2674
  -4.3453  -0.7700  -1.9919   3.5315   0.9408   1.8943   3.0270  -3.5709  -2.3466  -0.8662
   1.9004  -1.5725   2.1915  -0.4287  -3.2632   2.9764  -3.2184  -2.2821  -1.4437   4.0041
  -4.3629  -2.5332   2.6391  -2.6324  -3.3973  -3.1045  -2.7512  -3.1768   2.7202  -1.9441
   2.8574   3.2679   4.8393   0.8656  -0.3173  -2.3527  -3.6038   0.9574   2.4768  -3.7740
  -1.0000        0        0        0        0        0        0        0        0        0
        0  -1.0000        0        0        0        0        0        0        0        0
        0        0  -1.0000        0        0        0        0        0        0        0
        0        0        0  -1.0000        0        0        0        0        0        0
        0        0        0        0  -1.0000        0        0        0        0        0
        0        0        0        0        0  -1.0000        0        0        0        0
        0        0        0        0        0        0  -1.0000        0        0        0
        0        0        0        0        0        0        0  -1.0000        0        0
        0        0        0        0        0        0        0        0  -1.0000        0
        0        0        0        0        0        0        0        0        0  -1.0000
>b (rhs) data
    1.7646
  -22.6736
   26.0950
  -24.4316
  -40.9564
         0
         0
         0
         0
         0
         0
         0
         0
         0
         0
>c (costs vector) data
  -0.3816
  -1.7564
  -2.6898
  -3.4148
   3.3353
  -3.6520
  -2.6579
  -1.8633
  -2.8572
   1.3148
>Status flag:
UNBOUNDED