# Randomly generated test case
# Case number: 22; Generated: Wed Dec 31 19:00:00 1969

# Parameters: n=10, m=25, a=10,b=100
>epsilon -- precision parameter
0.01
>A matrix data
   2.5084  -4.9708  -0.2593  -4.8775  -1.8166  -3.3253   0.8220  -2.1438  -4.2034   0.3954
   0.8985  -0.3561  -1.3825   1.3146   1.7432  -0.3668   2.1337  -0.6488   2.3750   0.4403
  -1.3251   2.5111   0.9754  -4.9989   0.0598  -1.4969   0.3435  -2.2089  -0.9604  -4.9224
   4.4058  -1.2961   1.9259   4.3801   4.2579  -1.3306   4.3617   4.7929  -4.3827  -2.7104
  -0.6550  -4.8268  -2.9686   1.0061   2.4966   4.2877   3.3559  -0.9140   0.8952  -0.1824
   3.2994  -3.3545   2.5046  -4.7103  -3.7005  -1.4664  -1.8480  -0.2893  -2.7228  -2.7881
  -3.0518  -0.9710   1.8237  -3.8896   0.3310   2.8343  -0.8074  -4.9790  -4.6918   3.5383
  -1.4759   0.5409  -3.9345   2.9280   0.4646   2.7254   4.9139  -1.0424  -4.6154  -4.6303
  -4.1161  -1.2585  -3.3446   0.8843   4.6673   1.0251  -2.5693  -3.6867   3.8643  -4.0370
  -1.4637   2.7163  -4.0608   0.6902   1.5809   3.2778  -2.4027   2.3027  -2.2988   0.1584
  -3.0382  -4.6169  -3.8690  -1.7849   1.8386  -0.4024   0.7383   2.5506  -2.9970  -4.3315
   3.3909   0.5551   2.3685  -1.9545   4.5705  -3.0907   4.1900  -2.3847  -0.5438   3.3910
  -4.0407   1.4447   0.4256   1.0045  -0.6358  -0.5784   1.5237  -3.0397  -3.9559   3.7199
   2.3553  -1.2543  -4.8764  -3.5289  -2.5277  -4.4457  -3.0138  -4.7951   3.4540   3.9819
  -4.5832  -0.1735   1.0840   1.3772   3.6466  -1.1190   1.1644   0.0094   4.8023  -1.3292
  -1.0000        0        0        0        0        0        0        0        0        0
        0  -1.0000        0        0        0        0        0        0        0        0
        0        0  -1.0000        0        0        0        0        0        0        0
        0        0        0  -1.0000        0        0        0        0        0        0
        0        0        0        0  -1.0000        0        0        0        0        0
        0        0        0        0        0  -1.0000        0        0        0        0
        0        0        0        0        0        0  -1.0000        0        0        0
        0        0        0        0        0        0        0  -1.0000        0        0
        0        0        0        0        0        0        0        0  -1.0000        0
        0        0        0        0        0        0        0        0        0  -1.0000
>b (rhs) data
   16.1741
   19.4292
   42.0699
    9.8430
   17.5424
  -17.4975
  -32.3063
  -38.4963
  -17.3151
   24.4123
  -37.0732
   46.4153
    8.2122
    6.4902
  -33.6548
         0
         0
         0
         0
         0
         0
         0
         0
         0
         0
>c (costs vector) data
  -3.3286
  -2.3658
   0.1548
  -0.8812
  -4.1537
  -2.5304
   4.5309
  -2.3921
   1.8595
  -3.0448
>Status flag:
UNBOUNDED