# Randomly generated test case
# Case number: 12; Generated: Wed Dec 31 19:00:00 1969

# Parameters: n=10, m=15, a=10,b=100
>epsilon -- precision parameter
0.01
>A matrix data
   3.2951  -2.2849  -0.0149   2.9755   1.4718   2.7007  -2.2596   2.0105   2.3133  -3.0226
  -0.3233   0.3412  -4.9167   2.2004   4.4987  -3.2511  -4.2638   3.9649   0.1216   3.6014
  -3.3602  -2.2983  -3.8549   1.8597   0.5612  -3.7101   3.8453   1.0135   4.7486  -4.6821
  -4.2101  -3.0339   1.5830  -0.4182  -1.5549  -1.4227  -0.8226   3.6930  -4.2319   3.1748
  -4.0389  -2.7530   2.3452   4.5084   3.9511  -1.8685  -3.3658  -0.8322  -0.6662   4.4100
  -1.0000        0        0        0        0        0        0        0        0        0
        0  -1.0000        0        0        0        0        0        0        0        0
        0        0  -1.0000        0        0        0        0        0        0        0
        0        0        0  -1.0000        0        0        0        0        0        0
        0        0        0        0  -1.0000        0        0        0        0        0
        0        0        0        0        0  -1.0000        0        0        0        0
        0        0        0        0        0        0  -1.0000        0        0        0
        0        0        0        0        0        0        0  -1.0000        0        0
        0        0        0        0        0        0        0        0  -1.0000        0
        0        0        0        0        0        0        0        0        0  -1.0000
>b (rhs) data
   15.2934
   41.3840
   -8.3190
   -9.5055
   37.3449
         0
         0
         0
         0
         0
         0
         0
         0
         0
         0
>c (costs vector) data
  -2.2193
  -4.9398
  -1.7665
  -3.5157
   2.1835
   3.1796
  -3.0580
   1.9832
   1.3377
   1.8113
>Status flag:
UNBOUNDED