# Randomly generated test case
# Case number: 37; Generated: Wed Dec 31 19:00:00 1969

# Parameters: n=10, m=25, a=10,b=100
>epsilon -- precision parameter
0.01
>A matrix data
   1.4441  -3.0077  -1.3954  -3.6214   4.1351   2.5233  -1.5454  -1.1845  -3.8482   0.4068
   1.1356  -3.0765  -4.3667   3.8058   0.3116  -2.1231  -1.6114  -4.4035  -2.0885   2.4925
   4.9313   3.5335  -1.2721  -4.7223   2.2891  -0.1838   2.1698  -2.8484  -3.5136   0.1528
  -4.3078  -1.6576   1.9990   1.7806  -4.2331  -2.4304   0.4185   0.0674   4.9605   4.5718
   1.5926  -3.2344  -0.4234   0.7945  -3.4512   0.4065  -3.7386  -2.1949   4.8278   2.1527
   1.2648   1.6643   2.0071   2.6084  -4.8082   4.8353   0.8390   4.6260  -4.4918  -0.2069
   4.5502   0.0696  -1.3088  -3.0149   0.2569   3.0312   1.0566   3.2335  -0.0550  -3.3117
  -2.2599   1.9907   2.5936  -1.1207   2.0360   1.2222  -3.6415   2.4507   1.7673   0.6419
   2.5692  -1.2978   3.4787  -4.4007   4.8314  -3.8537  -1.7289   4.1386   4.5266   3.2789
  -3.0308  -2.6343  -0.5851  -4.7949   0.4098  -3.3513   0.2238   3.8277   3.0302   2.2260
   3.9130  -1.5983  -4.9798  -3.7975  -3.6504  -3.0265   0.4651  -3.2593   1.2911   2.7659
   1.9579  -2.8726  -1.8664  -3.3632  -3.2435  -4.7808   0.8744   0.9645   2.7809   0.5012
   1.6277   2.3194  -3.9196  -2.4508   3.9856  -3.0694   2.4061  -4.8136   1.8564  -3.1143
   0.4090  -3.2106  -0.1253   2.4664   4.9485   2.5224   2.2847  -4.0430  -3.9128   2.7150
  -1.2934  -2.8624  -1.1912  -0.6333  -2.3235   3.5439   3.1313   1.2944   2.2330   0.8855
  -1.0000        0        0        0        0        0        0        0        0        0
        0  -1.0000        0        0        0        0        0        0        0        0
        0        0  -1.0000        0        0        0        0        0        0        0
        0        0        0  -1.0000        0        0        0        0        0        0
        0        0        0        0  -1.0000        0        0        0        0        0
        0        0        0        0        0  -1.0000        0        0        0        0
        0        0        0        0        0        0  -1.0000        0        0        0
        0        0        0        0        0        0        0  -1.0000        0        0
        0        0        0        0        0        0        0        0  -1.0000        0
        0        0        0        0        0        0        0        0        0  -1.0000
>b (rhs) data
   26.6170
   49.5337
   -3.0921
  -14.4506
   -9.6819
   43.1735
   19.5427
   14.4206
  -13.2006
  -32.1603
  -18.1877
  -27.1687
    8.6052
  -12.5862
    3.5687
         0
         0
         0
         0
         0
         0
         0
         0
         0
         0
>c (costs vector) data
   2.4581
   0.7282
  -3.6660
   2.1272
   2.9478
   4.4318
   4.5641
   4.7318
  -3.2125
   3.0491
>x -- known optimal solution
   1.7116
   6.4965
        0
   5.6922
   1.0531
   0.9131
        0
   3.4584
        0
        0

# Optimal objective: 44.5616
