# Randomly generated test case
# Case number: 33; Generated: Sun Nov 19 05:44:16 4461606

# Parameters: n=10, m=15, a=10,b=100
>epsilon -- precision parameter
0.01
>A matrix data
   1.8767  -2.9071  -1.7686   1.2366   3.9037  -3.8061   1.8967  -0.4355  -0.5572  -2.1572
  -0.8804   3.5240   4.1106   3.5744  -0.8564  -4.5257  -0.7075  -2.8097   2.0925   3.9664
  -0.3673  -4.6378  -1.7969   1.6971   2.1936  -3.0175  -4.3183  -2.6904  -0.4642   4.1613
   4.5240   0.2744  -2.4230   0.3326   1.0006  -0.6014   2.4356  -3.5337  -2.9178   1.5991
   0.0068  -1.6216  -4.9771  -3.4026  -4.1418   1.8477  -3.5970  -3.8483   3.6534  -4.6332
  -0.2299   2.0212   3.2557  -1.8813   4.5677   1.7515  -1.9379   4.8141   1.5985  -4.7391
   3.0645   3.7917  -0.0742  -4.0189  -1.1784  -4.3363   2.8692  -2.7525  -1.3820   2.4498
  -3.9901   2.1803  -2.5365   2.2014   2.0713  -1.6174   2.8870  -3.9251   1.1564  -1.2065
  -0.2613   2.2189  -4.2120   3.0102   0.9476  -2.8971  -2.1348  -3.8720   3.9738   2.1868
   0.3365   4.8264   1.1811   4.0467  -0.5165  -3.4910  -2.2086  -0.5561  -4.4253   1.6626
  -4.3565  -3.2909   3.0295   0.7257  -2.6486   1.2896  -0.3330  -1.2189  -4.3618   4.8316
  -4.9279   1.6194   2.3756  -4.6887  -1.6222   3.3083  -3.0262  -0.6953  -1.0977  -4.3339
  -4.6288  -3.4504  -0.7046   1.0476  -0.8542   1.4413  -0.8609  -2.6378   4.5436   1.3551
   2.7840  -4.4879  -0.4243   3.2388  -2.9547  -4.7080   0.1534   1.3257  -1.2895  -4.3600
  -0.2084   4.3242   4.4039   3.6303   2.9435   2.8459  -3.4401  -2.5727  -1.9885  -1.7154
>b (rhs) data
  -20.5373
   32.0078
  -25.2212
   37.9968
   12.6933
   13.3324
   18.6824
   33.1601
  -39.4788
   43.4617
  -47.2403
   36.9182
   15.3699
   18.6212
  -32.9647
>c (costs vector) data
   4.8725
  -3.1564
  -3.6696
  -0.4892
   2.6039
  -1.4056
  -2.7120
  -1.3214
   3.1124
   0.5606
>Status flag:
UNBOUNDED