# Randomly generated test case
# Case number: 15; Generated: Wed Dec 31 19:00:00 1969

# Parameters: n=10, m=15, a=10,b=100
>epsilon -- precision parameter
0.01
>A matrix data
  -3.5018  -3.9678   2.7219   0.9940   0.3330  -1.3395   4.8167  -2.0196   0.0232  -4.2059
   1.3931  -2.6992  -2.0767   1.7754   0.9397  -2.5888   2.9690  -1.8697   2.0201  -4.4140
   2.6317   1.6316   1.3313   4.0168  -3.2268  -1.5516  -3.7996   4.5224  -2.8239  -1.8619
   3.1756  -2.9279  -0.1086  -2.2657  -3.0416  -3.1463   4.2701   4.3598  -2.3045   3.0329
  -1.5505  -1.9947  -0.7661  -1.0765   1.9646   2.2879   4.5800   2.2484  -2.3278  -2.9919
   1.6095   4.4385  -0.1317   0.1677   2.4496  -2.3572  -4.2886   3.1455  -1.5856  -1.5749
  -1.5316  -0.5827  -4.1897   2.2353   0.6694  -4.2912  -1.9719   2.5156   2.4636   4.8797
  -3.2463   3.1960   1.3419  -3.7821   4.8078   1.8319  -1.5580  -3.3755  -4.0959   1.4241
   4.1699  -0.5958  -3.2724  -3.7771   4.4203  -0.3027   0.4132  -2.7679   0.5370   1.1003
  -3.6931  -2.6567   0.1528  -4.4951  -4.7429   0.8969  -4.1613   0.9013  -2.9508  -0.5164
  -2.6737  -0.9538  -3.5217   2.3633   4.1363  -0.9669  -4.5020   1.0026  -1.0666   1.5973
   2.0880  -2.5221   2.0729   2.5206   0.4052   0.1878   2.5184  -3.5382  -1.7477  -2.5507
   2.3364   1.3522   0.9665  -0.5628  -4.4014   2.9033   4.0005  -3.1052  -2.0916  -4.0201
  -4.5424  -4.2720   3.3073   3.3581   4.7817  -2.4832  -3.6918  -3.3171   4.1489   0.5637
  -4.3627   2.0804  -3.4114  -3.5792   4.4835  -4.6458   2.3234  -0.1356  -0.5488   1.0101
>b (rhs) data
   -9.5027
  -21.6404
  -41.5618
  -27.6519
  -29.3058
   21.0362
   10.3955
  -31.5201
   12.6790
   25.8054
  -19.5831
   -9.6825
   44.9203
   25.7495
   -2.7905
>c (costs vector) data
  -4.1620
  -4.0128
  -2.7533
  -0.0881
   1.7613
   1.9230
  -3.2757
   0.4954
   2.2942
  -4.7472
>Status flag:
UNBOUNDED