# Randomly generated test case
# Case number: 26; Generated: Sun Nov 19 05:44:16 4461606

# Parameters: n=10, m=15, a=10,b=100
>epsilon -- precision parameter
0.01
>A matrix data
  -4.7598  -0.0981  -0.2479  -0.8450  -1.2434  -0.7649   3.8352  -2.6913   4.2388  -2.5457
  -4.5452  -0.3055   2.9199  -3.3223  -3.2700   4.0968   4.0810   1.7111  -3.5272  -0.5233
  -4.5241  -1.1179  -1.5625   2.6209  -0.8323  -0.6710   4.7057   4.3752  -1.5354  -2.1382
  -3.7848  -2.9430  -4.3437  -4.6326   1.4255   1.3236   2.1865  -3.1741  -4.0138  -2.5490
   4.8304   1.6004   0.8058   0.8519  -3.9358   1.8654  -4.2892   2.4742  -4.1952   3.5368
  -3.5242  -3.2445  -0.7804  -4.1662   3.1482   0.5747  -2.3360  -4.5914  -4.2464   3.2976
  -4.7825  -0.6933  -2.8647  -2.2678  -2.5388  -2.5877  -2.3050  -2.1342   1.8374  -4.7359
   0.0346   1.3885  -0.4377   3.3208   3.1923   3.1993   2.2368   4.8494  -2.5540  -2.8843
   0.0807  -2.0376  -3.6657  -4.8358  -3.2746  -1.6586   1.0157  -1.5392  -4.6694   0.8370
   1.6393  -2.9094  -2.8920   0.6415  -4.8494   3.0757  -4.4866  -2.8112   2.9685  -4.4169
   4.4116  -4.3006   4.4460  -4.8062   3.2645  -1.7873  -3.4827  -1.0242   4.8580   4.7141
  -0.8295   1.3990  -1.3408   0.6065  -0.8834   4.5181   4.6679   0.2979  -3.7435   4.9524
   3.7113  -1.5733   3.8096  -1.2159   0.1786   3.3673  -3.3250  -4.4725  -2.5369   4.0704
   0.2590   4.3246  -2.4031  -4.2244   2.8538   3.7712   0.9627   3.7568   1.0047  -3.5587
  -2.6134  -1.4806  -1.8821   3.0483  -3.0131   3.6727  -1.9095  -0.0868   2.7591   4.1204
>b (rhs) data
   -6.6828
  -13.9914
  -24.5332
  -20.3140
   35.8792
  -26.5352
   33.5025
   12.7890
   15.8262
   41.5510
   37.8139
  -31.3854
  -39.1831
   31.4776
  -23.9893
>c (costs vector) data
  -3.8644
  -4.0634
   1.9586
  -1.0387
   3.4992
   4.8374
  -2.4027
   4.4268
   0.1392
  -0.5633
>Status flag:
UNBOUNDED