# Randomly generated test case
# Case number: 47; Generated: Wed Dec 31 19:00:00 1969

# Parameters: n=10, m=25, a=10,b=100
>epsilon -- precision parameter
0.01
>A matrix data
  -0.1789   2.1858  -0.2743  -4.8213  -4.4015   1.7285   0.3773   3.6751  -4.9443   2.6816
   3.1876  -0.7075  -1.7727  -0.0255  -4.1490  -1.9018   2.7281  -3.8340   3.4180  -0.1994
   1.1297   3.5559   0.2002   3.3776  -2.8306  -0.8485   2.3780   3.5558  -1.9226   3.1599
  -3.1073   3.4602   0.0618   0.5266  -2.8432   3.8761  -2.3573   0.0916   0.9443   1.2716
   3.3774   4.7581  -1.1138   4.1008   1.9152  -3.8116   2.4304   2.8935   2.3475   4.1900
  -4.7281  -3.8280  -4.4931  -2.5498   2.5247  -0.2937   1.5715  -0.4230   3.7517  -1.8246
   2.1547   4.2081  -1.2334   3.3609  -4.2178   4.6133   2.7493   0.5657  -0.4612  -2.2929
  -2.3288   4.8425   4.6571   3.5526   4.8087  -4.5523  -4.3583  -3.9014  -2.2522   4.3831
   2.4454   4.5691  -1.6551   1.2216   2.0284  -1.5030   2.1315   2.8097   4.8817   2.5915
  -4.5974   1.7234  -0.4269   3.7161   1.7190  -4.9161   2.5069   4.0058   3.4343  -4.7945
   4.0893   1.9458  -0.4958   2.9797  -2.4390  -0.7046  -4.1485   0.9150   1.0965  -4.1160
  -0.6707  -4.9840  -0.1425  -1.7243   4.5195   0.1161   3.0948   4.0554   4.0696  -4.5912
  -3.1290  -4.7547   3.2661  -3.0128   3.9070  -4.4137   3.9427  -2.0624  -0.4629  -2.3804
  -0.0352  -3.6675   3.6236   4.9585  -4.8973   3.3655   0.4209   1.0311  -0.5312  -1.9028
   3.4701  -2.9984  -0.2038  -4.2753  -0.2485  -2.9933  -4.3872  -0.4864   3.7248   3.2454
  -1.0000        0        0        0        0        0        0        0        0        0
        0  -1.0000        0        0        0        0        0        0        0        0
        0        0  -1.0000        0        0        0        0        0        0        0
        0        0        0  -1.0000        0        0        0        0        0        0
        0        0        0        0  -1.0000        0        0        0        0        0
        0        0        0        0        0  -1.0000        0        0        0        0
        0        0        0        0        0        0  -1.0000        0        0        0
        0        0        0        0        0        0        0  -1.0000        0        0
        0        0        0        0        0        0        0        0  -1.0000        0
        0        0        0        0        0        0        0        0        0  -1.0000
>b (rhs) data
   -9.0470
   -3.9699
  -22.4169
   13.4021
   12.6324
  -11.4421
   -7.7272
  -16.6303
    3.9361
   10.9326
   17.8114
  -34.3473
    6.9423
  -41.1648
  -17.0299
         0
         0
         0
         0
         0
         0
         0
         0
         0
         0
>c (costs vector) data
  -2.7762
  -2.8125
   0.5564
   4.2567
  -0.3233
  -4.6753
   3.3006
  -0.4551
   2.6834
  -2.5576
>Status flag:
INFEASIBLE