# Randomly generated test case
# Case number: 9; Generated: Wed Dec 31 19:00:00 1969

# Parameters: n=10, m=15, a=10,b=100
>epsilon -- precision parameter
0.01
>A matrix data
  -1.9144   1.5069  -1.0247   3.4073   2.9034   1.6275  -3.3677  -1.5629   1.5146  -0.0650
   2.5893  -1.2618   4.4663  -2.1638  -4.8822   2.8409   3.3682   4.2518   2.4980  -4.0431
   1.2518  -1.5110   0.0085   4.0033  -0.6165  -4.8908   0.6885   2.5524  -3.7727  -4.1032
   0.6507  -2.8917   0.7256   2.5390   0.5333  -1.3083  -4.5805  -4.8179  -0.9223  -2.0659
   0.4309  -4.0360   2.0394   3.4055   0.5371  -4.5510  -3.0545  -3.4235  -0.1655  -3.2037
  -1.0000        0        0        0        0        0        0        0        0        0
        0  -1.0000        0        0        0        0        0        0        0        0
        0        0  -1.0000        0        0        0        0        0        0        0
        0        0        0  -1.0000        0        0        0        0        0        0
        0        0        0        0  -1.0000        0        0        0        0        0
        0        0        0        0        0  -1.0000        0        0        0        0
        0        0        0        0        0        0  -1.0000        0        0        0
        0        0        0        0        0        0        0  -1.0000        0        0
        0        0        0        0        0        0        0        0  -1.0000        0
        0        0        0        0        0        0        0        0        0  -1.0000
>b (rhs) data
   43.9960
    8.9623
   11.3433
   30.3367
   40.4019
         0
         0
         0
         0
         0
         0
         0
         0
         0
         0
>c (costs vector) data
  -0.6619
   2.7419
  -3.3733
  -1.8120
   1.8532
  -2.7401
   4.6647
   3.6872
   4.9768
  -2.3042
>Status flag:
UNBOUNDED