# Randomly generated test case
# Case number: 24; Generated: Wed Dec 31 19:00:00 1969

# Parameters: n=10, m=25, a=10,b=100
>epsilon -- precision parameter
0.01
>A matrix data
  -0.0497  -4.2515   4.5425  -2.8051   1.0778   0.9389   1.6710  -4.3111  -2.7380   1.6712
  -1.8548  -4.8626  -0.8368  -1.2479   1.3931   1.9070  -0.9162  -1.7094  -2.6844   0.8676
  -1.1846  -1.6132  -4.6517   4.2217   0.5186   2.9258   1.0496   4.2303   1.1185  -3.8583
  -2.8229  -1.3089  -4.5573   3.6517  -0.0807  -4.2007   2.4306   2.8389   3.9140   3.8492
  -1.0051   2.5097   0.3734   3.6248   2.8025  -3.0260   3.4168   3.8412  -2.5131   3.6563
   1.2941  -0.4086  -2.0120   2.3868   2.0257  -3.2200  -1.7079  -1.2509  -1.6208   1.5731
  -1.3748   1.9635  -4.2774   4.8643  -0.6264  -0.6382   3.5799   1.3759   2.4756  -4.5391
  -0.2116  -0.6905   2.9214  -2.7956   0.2851   3.6935   4.1203   4.1502   0.3052   3.9366
   1.0956   3.6217  -3.3744   0.3338  -3.1047   0.5021   3.1937  -4.8621  -0.7676  -2.0410
  -1.6695  -3.9595   1.7833   2.9612   3.3805  -3.8735   1.4125  -0.7406  -0.2735   3.0342
  -4.5515   2.5087   4.4095   0.1548  -0.5105   0.1506   2.2282  -1.9675   3.0587   3.6256
  -3.3944  -2.3361   2.5457  -3.8987   3.5636  -1.9397   3.0410  -1.5163   0.8235  -0.4173
  -4.5839   3.1188   2.5145   0.2919   2.8385   0.3084  -3.8273  -1.5208  -0.1029   2.5964
  -3.3384   2.2972   0.4390   0.2818  -1.9666  -4.8426   1.6609  -4.1842  -3.3490   2.6653
  -1.3969   0.7092  -4.2835  -1.5017   0.9792   2.7034  -0.6216  -3.1187   0.8650   2.0625
  -1.0000        0        0        0        0        0        0        0        0        0
        0  -1.0000        0        0        0        0        0        0        0        0
        0        0  -1.0000        0        0        0        0        0        0        0
        0        0        0  -1.0000        0        0        0        0        0        0
        0        0        0        0  -1.0000        0        0        0        0        0
        0        0        0        0        0  -1.0000        0        0        0        0
        0        0        0        0        0        0  -1.0000        0        0        0
        0        0        0        0        0        0        0  -1.0000        0        0
        0        0        0        0        0        0        0        0  -1.0000        0
        0        0        0        0        0        0        0        0        0  -1.0000
>b (rhs) data
  -32.1846
  -46.6708
   14.8546
  -15.7661
  -11.9074
   25.8957
   -4.2358
  -17.7954
  -23.8565
   12.4126
  -20.9657
  -44.9475
   16.8353
   30.7620
  -40.4578
         0
         0
         0
         0
         0
         0
         0
         0
         0
         0
>c (costs vector) data
  -2.8798
  -1.7968
  -3.9285
  -2.7078
  -4.1604
  -2.0897
   0.0180
  -2.2613
  -1.6741
  -2.6241
>Status flag:
INFEASIBLE