# Randomly generated test case
# Case number: 7; Generated: Sun Nov 19 05:44:16 4461606

# Parameters: n=10, m=15, a=10,b=100
>epsilon -- precision parameter
0.01
>A matrix data
  -4.4803   2.4044  -3.1813  -0.0822  -3.5099   4.1949  -0.9852  -0.7587   3.9563   1.9242
   3.5568  -1.0857  -2.5267   2.5345  -3.3456  -3.2036  -3.3504   2.6175   1.2497   3.0796
   3.1502  -1.5994  -4.3000   4.6101   2.9523  -1.4209   3.9017  -0.7754  -2.3158  -1.2962
  -4.3926  -4.4710  -0.8314   2.8325  -0.8196   3.1753   4.9180   2.9751  -2.8017   4.3016
   0.1404   4.1207  -2.7603   0.8212  -1.6778   4.3506   1.4442   0.7648   3.5195   4.5878
   0.9030   0.1852  -4.0688  -2.2613   3.9227   3.5510  -4.2814  -1.6789  -0.7306  -3.7163
   0.2042   0.3222   0.8556   3.3874   0.6511   4.4361   4.4128   4.6373   0.5720   3.3885
  -2.7328  -3.9718  -3.4518  -2.0827  -4.3272  -0.7224  -4.2098   2.4720   4.1309   2.1896
  -1.8348   4.9117  -4.0049  -3.7437   0.0980  -3.4149  -3.9209   0.6115  -0.0494  -4.5583
   1.3467   2.5014   0.3542   4.4716   0.5923  -1.8269  -2.1714  -3.8605  -1.2573   4.1697
   4.9466  -4.5450  -3.9570  -1.2398   4.2444  -4.8376   3.0714   4.2951   0.8718   3.4265
  -2.2025  -0.9052  -3.6066   0.3163   1.8787  -0.2710   4.8206  -0.9731   1.9994   0.6366
  -3.5359   4.3624   0.1176  -4.2667  -3.2866   1.7142  -3.9226  -1.3262   3.0801  -1.1219
   1.9636  -1.9167   1.7835   2.3685  -1.8279   3.6609   2.4199  -0.0617  -3.7293  -4.0444
   4.9231   2.1320   2.4446   2.1248   2.3754  -4.0465   0.2438  -2.2174   4.8031   4.6898
>b (rhs) data
   26.7920
  -38.3907
  -41.9088
   12.6077
   25.4904
  -41.5649
    1.9690
   -9.2305
   48.6432
    4.6269
   19.6668
   13.4705
   33.4874
  -23.1403
    5.3665
>c (costs vector) data
  -2.2967
   0.5057
  -3.0117
   0.6468
  -4.2007
   0.8988
   1.4589
   3.9416
   3.1404
   3.0553
>Status flag:
UNBOUNDED