# Randomly generated test case
# Case number: 36; Generated: Wed Dec 31 19:00:00 1969

# Parameters: n=10, m=20, a=10,b=100
>epsilon -- precision parameter
0.01
>A matrix data
  -4.7621   1.2882   4.0728  -2.9376   0.8926   3.0580   3.7155   2.5377   1.4045  -2.2346
   4.1971  -3.3086  -0.4221  -3.2991  -0.7510  -1.4101   2.1532  -4.9872   0.4126  -1.9581
  -4.0714  -0.3611   0.1643   1.1845   3.1898  -2.5739   1.2275   0.6052  -3.0359   1.2377
  -4.5225  -2.2881   3.2009  -2.7014  -2.0113   0.3877   2.3537  -4.3842  -0.9739   4.3356
   1.6422   3.9093  -4.5822  -3.7300   4.5812  -4.6809  -4.0864   0.4885   0.4453   4.4788
   3.1245  -2.0758  -0.7694   4.9375  -1.8586  -0.1274  -0.1218  -1.0491   3.1057  -3.1049
   1.2886   0.8443  -0.2957   2.3834   4.0500   0.4439  -1.4610  -4.7965  -4.6946  -2.8678
  -1.8960  -4.3543   2.0452  -1.6453  -0.7558  -1.0490   0.6161   2.3254  -3.3669  -4.6881
  -4.5849   0.1155  -0.8126   2.7232  -4.1429   1.3027   0.1736   3.0735   3.5997   1.1929
   1.3532   1.3479  -2.9716   0.6344  -4.6130  -2.5429  -4.2318   3.9940   1.3070   4.6341
  -1.0000        0        0        0        0        0        0        0        0        0
        0  -1.0000        0        0        0        0        0        0        0        0
        0        0  -1.0000        0        0        0        0        0        0        0
        0        0        0  -1.0000        0        0        0        0        0        0
        0        0        0        0  -1.0000        0        0        0        0        0
        0        0        0        0        0  -1.0000        0        0        0        0
        0        0        0        0        0        0  -1.0000        0        0        0
        0        0        0        0        0        0        0  -1.0000        0        0
        0        0        0        0        0        0        0        0  -1.0000        0
        0        0        0        0        0        0        0        0        0  -1.0000
>b (rhs) data
   -7.3775
  -47.8841
   12.2508
   47.1786
  -27.6957
  -38.8023
   -3.3105
   37.8777
   43.6703
   11.0378
         0
         0
         0
         0
         0
         0
         0
         0
         0
         0
>c (costs vector) data
  -2.7158
  -3.2190
  -1.3392
   3.4202
   4.8140
   2.7691
  -1.6285
   4.6776
   0.4781
   1.6272
>Status flag:
UNBOUNDED