# Randomly generated test case
# Case number: 37; Generated: Wed Dec 31 19:00:00 1969

# Parameters: n=10, m=15, a=10,b=100
>epsilon -- precision parameter
0.01
>A matrix data
  -0.4280  -4.1181  -2.6366  -0.6531  -4.1964   2.8632  -0.3388   4.6361   1.8366   1.7635
   2.7219   0.6949   0.3532   0.6567  -4.8114   4.7770  -3.2682  -1.5399   2.6527   4.1203
   1.5425  -0.4084  -3.7497   1.8749   1.6872   2.8515  -3.1299   4.5025  -4.8375   0.2085
   1.9995   1.2046   3.0731  -0.4698   0.8922   2.7849   3.6194  -1.3224  -3.3899   3.2766
   4.3345   0.8481  -0.6879  -2.7456   4.8594   3.3265   4.4351   1.2357  -4.2267  -2.5802
  -0.4812  -1.0924   0.6507  -3.5606   3.0675  -4.1793  -2.6811   1.1412  -3.2930  -4.5755
   3.8763  -4.1293   0.7926   3.7179  -3.5913   4.4075  -3.9306  -4.3329  -4.7657  -1.1668
   4.8367  -2.7309  -3.2378  -4.0558   2.6418   4.0971   0.9574  -3.7422   4.3815   3.9955
  -3.5089   2.0765   0.9283   1.7382  -4.7581  -4.1614   0.9582   0.9074  -4.2655   2.6815
   0.4387   1.4550  -4.4170   0.4003   4.6581  -4.0425   2.1569  -1.1963  -4.6879  -1.1714
  -1.2924  -3.3300   3.8625   3.5099   4.3164  -4.6418  -3.6782  -0.8324   0.3828   0.4548
  -3.5377   1.8245   2.3945  -1.9855   2.4545  -3.6406   1.1079   1.9772  -0.9226   1.9289
  -2.4346  -1.6847  -4.3386  -4.3574   1.4687  -4.0153  -1.2368   2.6747  -2.8190   0.3545
   1.5121   1.9637   1.1590   2.7245   0.0485  -2.1986  -3.4613  -1.9450  -3.7977   2.6120
  -3.3501  -1.9508   4.3753   4.2802   4.2868  -1.3543  -2.8631   0.7602   1.9471   2.2018
>b (rhs) data
    2.5392
    9.7223
  -42.2419
  -25.2125
    8.6818
   11.9196
  -32.3904
   -4.0310
  -14.8528
   27.1583
   33.3684
   41.3754
  -42.2528
  -27.1472
  -30.9488
>c (costs vector) data
  -3.4850
  -0.5392
   2.8369
  -3.5003
   2.3059
  -3.6955
   1.3154
   1.0289
   2.9211
   3.8710
>Status flag:
UNBOUNDED