# Randomly generated test case
# Case number: 3; Generated: Wed Dec 31 19:00:00 1969

# Parameters: n=10, m=10, a=10,b=100
>epsilon -- precision parameter
0.01
>A matrix data
  -0.8379  -1.7721   4.0820   2.7589   3.6464  -1.9258   4.0954  -3.8210   0.2890  -1.9585
   2.9986   2.4362  -2.4592  -4.3519  -4.4527   0.2387  -1.7969  -2.5019  -3.5365   2.1493
  -4.1375   3.5524  -1.1250  -4.1204  -3.1264  -2.1351  -4.6009  -0.6774  -2.9190  -3.5668
  -0.0056  -4.7240   0.3725   1.6799  -1.8824   3.0641  -4.8799   3.0198  -1.9365   1.8875
   2.4661   1.4590  -2.3226  -3.2578   3.2352  -3.1152  -3.9394   2.7182  -4.2102   3.4442
   2.1290   4.9141   4.9155   0.6041   2.7000   1.6862  -4.0957  -2.5636  -4.2927  -3.8512
  -1.6417  -2.2041  -4.7941   0.6400   1.0151   3.4092  -2.6752  -1.4850   1.7642   4.2923
   4.6412   3.6667  -0.2624   4.9542  -3.8428  -2.8020   0.2737   0.5276   0.5487  -1.6433
   3.1863   2.7809   0.2049   2.8575   0.3606   1.9138   4.5308   2.2367  -2.9933   0.0610
  -3.1534  -4.1699   0.4191   2.0161  -1.6074   3.2397   2.8500  -3.5236   3.5110   4.6011
>b (rhs) data
   33.9837
   48.5176
   35.2463
  -35.2836
  -22.2762
   36.3191
  -11.2042
  -18.3129
  -39.2515
   45.2049
>c (costs vector) data
   4.6671
  -1.5599
   3.6367
   3.4429
  -3.8110
  -2.4874
  -2.7244
  -3.9430
   4.5855
  -2.6213
>Status flag:
UNBOUNDED