# Randomly generated test case
# Case number: 49; Generated: Wed Dec 31 19:00:00 1969

# Parameters: n=10, m=15, a=10,b=100
>epsilon -- precision parameter
0.01
>A matrix data
  -1.3788  -2.3971   3.2202  -1.1741   3.9245   3.6449  -2.2727   1.2792  -0.1133   1.6733
   0.1857   1.4903   3.3763   3.6384  -4.1560  -1.8009  -4.0133  -1.8188   0.8868   1.2293
   0.1349   0.1990   4.2455   2.2644  -4.7670  -4.5645  -0.5884  -0.3182   3.4657  -0.8774
  -3.6664  -1.4424  -4.4610  -2.5242   1.9067   0.4911  -1.7545   4.4054  -1.7323  -1.6063
  -4.3531  -4.1020   4.1266  -0.9863  -3.5693  -1.4041  -3.1945   1.5664   4.7156  -2.9464
   1.9111   1.8274   2.0328  -4.1735   3.1394  -0.6548   2.1333   1.6966  -1.1900   3.8872
   0.9944  -4.5505  -1.5297   3.4359   2.3238  -4.4214   0.5252  -4.3723  -0.4337  -0.6475
   2.7557   2.4360  -1.3083   0.3114  -3.6690   2.6453   0.4221  -3.0450   2.7561   2.4330
   3.2867   2.5312   2.0087  -0.4356  -3.3866  -2.1309   3.2898  -4.2122  -2.7918   4.1131
  -3.8929   3.0032   2.5149  -3.0973   3.7774  -1.7118  -2.4930  -3.1171   3.2861  -4.7991
  -2.7260   4.6215  -0.3495  -2.5241   3.3880   3.8066  -0.3235   0.7132  -3.6869   1.3878
  -0.4807   2.7489  -2.9920  -4.5062  -0.7468   3.3092  -4.4480  -4.5659  -2.7635  -0.7848
   1.9700   4.3374  -1.2461   1.2068  -3.5323  -4.3150   2.3619  -3.2339  -4.7775   2.1625
   0.4948   4.0328  -0.3846   0.4531   3.0566  -4.0630  -3.2537   1.2541  -0.4749   2.6432
   4.1096   1.5420   2.5370   1.7284  -3.3987   1.0019  -3.9291   2.5889  -3.2951  -4.5389
>b (rhs) data
   12.7659
   20.4265
    8.7886
   10.9302
    3.4669
   40.9341
   48.8498
  -29.1759
   20.5861
   49.1058
   -2.2831
    2.2142
    9.4288
   30.6707
  -38.8409
>c (costs vector) data
   0.0283
  -1.9520
   0.9601
   2.6878
   2.7977
   3.4436
   4.6299
   3.0637
  -2.9523
   4.6775
>Status flag:
UNBOUNDED