# Randomly generated test case
# Case number: 1; Generated: Wed Dec 31 19:00:00 1969

# Parameters: n=10, m=25, a=10,b=100
>epsilon -- precision parameter
0.01
>A matrix data
   3.7737   2.6451  -3.2689  -0.3922   0.7993  -4.2880  -4.9528  -4.4578  -4.6235   4.5337
   0.2333  -2.1981  -4.6011   2.8495  -1.2483   1.6203   3.6907  -2.2149  -0.9907  -4.7487
   3.9466   2.4431  -1.9637   1.2559   0.3689   0.3967  -3.4813  -3.4158  -4.7530   2.5290
   4.6803   0.9712   2.9089   0.7398  -3.4738   3.8394  -2.8368  -3.1622  -2.8410  -3.4406
  -3.0477   2.3583  -4.7222  -2.8412   2.0533   0.0108   0.1159  -4.6529  -2.0236  -1.6726
   2.2592  -3.3951  -3.6907  -4.5602   1.8836  -4.4436  -3.4732  -3.8500  -2.4658  -4.0814
  -0.6779  -3.5842  -3.1540   1.2894  -2.0628   1.7259   2.9146  -0.4757  -1.4779  -2.2455
  -0.1737  -0.7782   3.9483  -3.9311  -0.9684  -2.6235  -0.6457   4.5677   3.7625   3.8419
   1.8890   1.1143   1.7438  -1.6448  -0.3964  -0.9905  -0.2270   2.6782   0.8878   1.7119
   0.3094   2.1734  -0.4776   4.5558   3.7616  -1.7666  -3.3272   4.6445   3.2786  -0.3355
   0.2732   0.6920   2.2372   1.9330   0.3512   3.4629   0.2557   2.1525   2.6244  -4.7432
   1.0656  -1.1047  -3.8745  -4.9497   1.1731  -4.4068  -2.0803  -4.7774  -3.6297  -2.3501
  -4.7501  -0.1487  -4.2205   4.7402  -4.0545   4.1102  -2.3179  -1.1147   1.0694   0.4580
   1.6267   1.5527  -4.3510  -4.7109  -4.9727  -2.8186  -3.4057   2.8558  -3.0226  -4.5572
   0.6124  -1.9532   4.9766   2.7034   4.3841   2.2299   1.1102  -1.8511  -1.2911  -0.1416
  -1.0000        0        0        0        0        0        0        0        0        0
        0  -1.0000        0        0        0        0        0        0        0        0
        0        0  -1.0000        0        0        0        0        0        0        0
        0        0        0  -1.0000        0        0        0        0        0        0
        0        0        0        0  -1.0000        0        0        0        0        0
        0        0        0        0        0  -1.0000        0        0        0        0
        0        0        0        0        0        0  -1.0000        0        0        0
        0        0        0        0        0        0        0  -1.0000        0        0
        0        0        0        0        0        0        0        0  -1.0000        0
        0        0        0        0        0        0        0        0        0  -1.0000
>b (rhs) data
   38.4669
  -47.9215
  -37.4632
   11.6239
   44.4612
   48.7403
  -16.3994
   17.9060
   32.6581
    9.2301
   16.6519
   29.9928
   45.0375
   -3.9791
    4.1452
         0
         0
         0
         0
         0
         0
         0
         0
         0
         0
>c (costs vector) data
   2.3166
   3.0854
  -2.2914
  -2.7775
   2.5461
  -0.0538
   0.5332
  -4.7760
   3.6723
  -1.5756
>Status flag:
INFEASIBLE