# Randomly generated test case
# Case number: 42; Generated: Wed Dec 31 19:00:00 1969

# Parameters: n=10, m=20, a=10,b=100
>epsilon -- precision parameter
0.01
>A matrix data
   2.5300  -2.6421  -2.8253   0.5336   2.2188  -1.6201   1.3652  -2.5413  -0.8279  -1.6927
   1.7357   4.5554  -4.8937   1.0281  -0.4048  -4.6428  -2.5548   2.5898   2.6148   2.8497
   2.8497   1.4962   3.6848   1.3698   0.1067   1.0778  -4.2043   1.8396   0.9328   1.4028
   0.2962  -0.8090   1.8257  -2.4334   1.4408   3.8952   0.2734  -4.8207   3.2563  -1.5769
  -4.5687   0.8962   0.1620  -3.8241  -3.7487  -0.1133  -3.0534   1.0797  -1.0750  -0.9183
   4.6598  -2.0723  -4.4958   3.3335  -1.0217  -1.3542   0.2178   3.1792   0.2161  -2.1905
   3.9278  -3.3753  -3.4764   4.1535   0.8215  -0.7331  -1.9329   3.4677  -3.2922  -3.5075
  -3.0245   3.4642  -1.3130  -0.1952  -4.7165  -3.7836   2.6853  -4.6980  -1.8288   4.3533
  -0.9153   3.3629   4.1353   2.1550  -4.0962   3.1123  -3.4177  -4.1276  -0.9815   2.2631
   0.9164   0.9102  -2.1475  -4.2921  -4.5931   4.6967  -2.4018   4.3366   1.7756  -2.2942
  -1.0000        0        0        0        0        0        0        0        0        0
        0  -1.0000        0        0        0        0        0        0        0        0
        0        0  -1.0000        0        0        0        0        0        0        0
        0        0        0  -1.0000        0        0        0        0        0        0
        0        0        0        0  -1.0000        0        0        0        0        0
        0        0        0        0        0  -1.0000        0        0        0        0
        0        0        0        0        0        0  -1.0000        0        0        0
        0        0        0        0        0        0        0  -1.0000        0        0
        0        0        0        0        0        0        0        0  -1.0000        0
        0        0        0        0        0        0        0        0        0  -1.0000
>b (rhs) data
   24.5622
   10.6845
  -14.4123
  -44.1963
   34.8320
   31.6263
  -24.4649
   17.9350
  -13.0533
   -2.9064
         0
         0
         0
         0
         0
         0
         0
         0
         0
         0
>c (costs vector) data
  -2.2790
  -4.3081
  -4.9855
  -1.7720
   2.3568
  -2.2076
  -1.5116
   3.8480
  -0.3690
   1.8582
>Status flag:
UNBOUNDED