# Randomly generated test case
# Case number: 38; Generated: Sun Nov 19 05:44:16 4461606

# Parameters: n=10, m=15, a=10,b=100
>epsilon -- precision parameter
0.01
>A matrix data
   1.7796   0.6603   2.7731   4.6374  -4.0991   0.2317  -3.2441  -2.1500   0.0253   4.1522
   3.5144   1.1970  -0.6969   2.2585   4.2062  -0.6316   2.2966  -2.7385  -2.9201   3.5641
   0.4985  -0.3855   2.5475   4.1053   4.9146  -4.9834  -3.8754  -4.8047  -3.3047  -3.9102
   2.9684  -0.0381   1.2739   1.3059  -0.0098   4.7996  -1.2959   3.0649  -4.3383  -4.6960
   3.4014  -3.6525  -1.6357   2.8562  -1.5775  -4.7537   0.2469  -1.0998  -4.7397  -3.4252
   1.9543  -2.3311  -3.0658   3.8051  -3.0309  -2.4617   3.7883   0.4779   2.5397  -2.5502
   1.1247   1.8036  -0.0215   4.4737  -4.5449   3.6618   4.5373   3.0102   0.5078   2.0822
  -4.2091   3.5648  -2.9692  -2.1466  -4.2240   4.7735  -1.1926   3.2650   1.5553   3.8585
  -1.4701   1.1280   0.0510  -1.3460   1.5860  -2.0644   1.3369  -0.5976  -3.9116  -2.0384
   2.3890   3.9553  -2.4867  -3.3374  -1.3213   4.2981   2.1020  -1.1438  -0.9766  -3.0506
  -0.9496  -1.7423  -4.4453  -2.7739   1.9728  -1.8852   0.0436   1.6147  -4.6457   1.5928
  -3.1031  -2.4632  -1.5478  -0.0840  -4.8091   1.6408   2.7532  -3.0425   4.2754   4.6800
  -1.9127  -3.5868   2.9358  -0.4423   2.9389  -2.2977   4.9828  -2.1044  -2.1314  -4.8329
   0.2362  -1.9773   4.5464  -2.9735   2.9706   0.8104   4.3821  -3.6383  -4.5779   2.1788
   4.4232  -1.1002   2.3605  -0.2256  -0.1898   2.4461   3.9899  -1.1018  -3.0536   3.0793
>b (rhs) data
   31.7974
   -3.4229
    6.7266
  -36.3617
   16.1725
    4.5647
    1.1904
   33.5166
  -37.8248
    5.5801
   -4.3689
   34.2946
   33.8243
   31.8745
   27.5754
>c (costs vector) data
  -4.0317
  -0.5108
   4.7392
  -4.4243
  -1.8010
  -0.4091
  -0.3669
   2.5544
  -0.9171
   1.8957
>Status flag:
UNBOUNDED