# Randomly generated test case
# Case number: 18; Generated: Wed Dec 31 19:00:00 1969

# Parameters: n=10, m=20, a=10,b=100
>epsilon -- precision parameter
0.01
>A matrix data
  -4.4753  -4.4237   4.5339  -2.6411  -2.9603   2.0050   0.1989   4.3892   4.7598  -1.5566
  -4.5570   1.4860   4.1181   1.5199   0.9123   0.3889  -0.1637  -2.6067  -0.0825   4.5963
   0.2945   3.4312   2.5754  -3.0540   0.0487   4.6271   0.8319   3.6344  -0.8277   4.0044
   2.4903   4.9185  -1.2653  -2.0084  -4.2873   3.4903  -3.6662  -0.0100   1.1260  -0.6245
  -3.1247  -0.7463  -2.2732   3.9305   2.1847  -0.4843   2.1642  -3.2434   4.5503   3.9939
   1.1062  -4.5064  -0.6887   0.3440   3.9740   2.5646   0.2374  -3.0561   3.4170   1.7350
   3.5350   3.3127  -1.3310   2.6228  -4.5941   0.8141  -2.9215   1.1232   4.1009  -3.3059
   0.6312  -4.9190   4.8001   4.8864   4.8418   3.1824   2.5213   4.7155  -0.4783  -2.0568
  -2.6843   4.4683   0.3435   4.8472   0.9790  -4.1376  -1.2506   3.7534  -2.8636   1.4961
  -0.7521   4.8401   2.8431  -1.0568   3.4435   4.1706   0.7147   2.9895  -4.2020  -0.6866
  -1.0000        0        0        0        0        0        0        0        0        0
        0  -1.0000        0        0        0        0        0        0        0        0
        0        0  -1.0000        0        0        0        0        0        0        0
        0        0        0  -1.0000        0        0        0        0        0        0
        0        0        0        0  -1.0000        0        0        0        0        0
        0        0        0        0        0  -1.0000        0        0        0        0
        0        0        0        0        0        0  -1.0000        0        0        0
        0        0        0        0        0        0        0  -1.0000        0        0
        0        0        0        0        0        0        0        0  -1.0000        0
        0        0        0        0        0        0        0        0        0  -1.0000
>b (rhs) data
   40.8326
   41.6416
    2.9535
    7.0936
   13.8158
   -9.8093
   30.4962
   12.4015
   39.5198
    4.5963
         0
         0
         0
         0
         0
         0
         0
         0
         0
         0
>c (costs vector) data
  -0.3965
   3.9930
  -3.2668
  -2.8150
   3.8173
  -1.6525
  -1.0677
   3.5472
   3.6572
   4.2310
>Status flag:
INFEASIBLE