# Randomly generated test case
# Case number: 35; Generated: Wed Dec 31 19:00:00 1969

# Parameters: n=10, m=15, a=10,b=100
>epsilon -- precision parameter
0.01
>A matrix data
   4.5236   4.4268   0.8246  -4.9616   0.7407  -3.0795  -2.2417  -3.3695  -3.5172   4.7530
   2.5240  -4.2641   2.7294  -0.7580   1.2669  -4.8001  -4.5571   3.7558   1.8394   4.1519
  -4.3530  -3.2987  -0.8852  -4.1969  -0.8629  -3.0200  -1.4507  -4.5240  -3.8171   2.5684
  -2.4959  -0.3306   0.1816  -2.0810  -2.8748   1.5801   4.3201  -0.5371   4.6932   0.2103
   3.0530  -4.3820   3.0746   3.0980  -2.6163  -1.6589  -3.5687   1.5888   1.4618   3.1848
  -1.1717   0.9455   4.1236   2.5064   3.9626   3.7063  -2.6169   3.9738  -1.8234  -1.5643
   1.7661  -2.3326   1.8195  -1.7420   2.8456   2.9619  -0.7743  -0.9355   4.0551  -2.2362
  -3.6406   3.5685  -2.3749   3.7929  -4.8773   3.6279   0.9913  -0.3739   3.5699   4.7012
  -3.9944   0.1042   3.6683   4.8465   3.2056  -4.6078  -4.4408   2.2302   1.2229   1.9045
   0.5292  -2.2101  -1.2997  -2.9656   4.7744   0.3954  -0.9257  -3.7880  -1.7333   4.3665
  -4.8052   3.1276   4.2986  -4.8539   1.1643   4.6935   0.6719  -0.7441  -1.4327   0.7448
   2.2802   0.2957   0.9419   3.0087   4.3568   1.7719  -2.7985  -2.5201   1.5542  -3.3367
  -1.3766  -0.8020  -3.8564   1.7002  -1.5569  -1.8682  -0.4707   2.5257  -3.8048  -0.5740
   1.1543  -4.6780  -4.9769   2.3839  -1.9154   4.6590  -1.8337  -4.4202  -3.3508  -0.2750
  -3.1007  -3.1565   1.3864   1.6833   3.6915   2.1690   1.6545  -4.8102  -3.8954   3.3927
>b (rhs) data
   27.6931
   47.8725
  -26.8512
   -2.1412
   26.0661
   -4.4318
    4.5986
   39.2776
  -37.1211
   -1.1530
  -48.8010
   20.5656
   12.8303
   10.1991
  -19.4300
>c (costs vector) data
   0.9488
   1.1793
  -3.7665
   4.7086
  -2.4857
  -1.0816
   2.4427
   3.8231
   1.4323
  -2.2562
>Status flag:
UNBOUNDED