# Randomly generated test case
# Case number: 17; Generated: Sun Nov 19 05:44:16 4461606

# Parameters: n=10, m=15, a=10,b=100
>epsilon -- precision parameter
0.01
>A matrix data
  -0.4389   1.6489   3.2242  -2.0995  -4.4367  -3.8692  -3.5235  -4.8709  -1.5796  -2.8136
  -4.5005  -0.9432  -0.1182   3.8504   4.6311   3.3703   3.2874   3.3149   4.0060   2.0040
   0.1813   2.1775   3.3648  -3.7549  -0.1122  -2.2734  -2.6627   4.6485  -3.1253  -1.9369
  -2.9917  -0.9071  -1.8305   3.4264   2.3396   3.7613   3.1484   2.7753  -3.3598   4.5678
   4.7769   0.1713  -3.0478  -4.7584  -2.3484  -0.5002   2.0242  -2.4622  -2.9840  -4.5322
   3.5475   3.2265   0.5596   0.5706   1.3488   0.7104   0.8476   2.4678  -4.6003   0.6579
  -2.9157   0.8567   2.9689  -3.5604   2.8176   1.9567   2.6294  -3.9443   3.6119  -2.7537
   3.7763   0.8850   1.9010   4.4803  -3.8787   0.4590   1.6050  -0.1728   2.4655   4.0446
  -0.8659   2.0921   3.3422   1.2701  -2.4025  -1.1595  -3.1697  -0.6652  -0.5964  -1.4080
   4.4862  -3.1752  -2.6360   1.9702  -4.1369   4.8093  -1.3250  -1.3056  -1.5783  -4.5869
  -4.4656  -0.0148   3.4737   2.1143  -0.9644  -2.6664  -0.2558   4.5002  -0.9930   3.1063
  -0.9117  -0.9361  -1.7506  -2.5614  -1.4803   0.7757  -3.1540   1.4686  -4.0911  -1.0918
  -0.7503  -3.3024   4.3099   2.3247  -3.7794   1.6377  -1.3662   3.7658  -4.2591  -2.5074
  -1.3616   1.6538   1.2513  -1.4452   3.9838   3.6749  -4.5009   1.4060   4.3160  -0.6999
   0.8754  -3.6709   1.4901  -0.5240   1.8944  -3.8277   1.3823   0.9373   0.8850  -4.4026
>b (rhs) data
  -47.5160
   32.0452
    3.2165
   12.3531
    1.5843
   46.0998
  -48.4487
  -14.9306
   -8.5039
   12.4718
   34.8913
   25.9724
   -2.6774
   30.4262
  -12.0408
>c (costs vector) data
  -1.4149
  -3.3573
   0.1320
  -0.6871
  -0.3601
  -2.3362
  -2.3613
   4.0334
  -4.8869
   0.4925
>Status flag:
UNBOUNDED