# Randomly generated test case
# Case number: 0; Generated: Wed Dec 31 19:00:00 1969

# Parameters: n=10, m=10, a=10,b=100
>epsilon -- precision parameter
0.01
>A matrix data
   1.1476   4.9804   3.1019   3.0751   4.0231  -2.3427  -4.5412  -2.0405   0.9605   0.1054
   3.0308   2.3076   4.8715   3.3897   4.3144   3.5324  -4.5782   4.8441  -1.5128  -4.2660
  -3.7573  -3.2969  -4.1048   2.8171  -1.6774   4.6288   4.8575   1.9154   2.2088  -0.6175
   1.8750  -3.2909   0.1653  -0.0441   0.8946  -4.6199  -2.7421  -0.5421  -0.5642   2.4443
   1.9858   1.6267   2.2860   4.4563   4.8942   0.9070   2.5152   1.0210  -1.7330  -1.9387
   4.5974  -0.2325   4.3825   2.2844   1.2156   0.6594  -4.2937  -4.2982  -4.8369  -3.6365
  -0.3810  -2.1651  -4.5376  -4.8507  -0.0523  -0.3580  -4.3320  -4.3918   3.5610   3.2282
  -1.0358   3.0334   3.3899  -3.9747   1.0264  -2.7866   2.5923  -0.9925  -3.8275  -0.0583
  -1.9769   1.4244   4.9563  -3.8175  -3.0049   0.7622  -4.0868   2.9817   1.0289   0.2056
   4.1443   1.1949   0.5649   1.9694  -3.7368   2.6826  -2.7908  -3.3176  -2.2035   2.2378
>b (rhs) data
  -45.0913
   39.9293
   27.7639
  -14.0916
   39.5612
  -34.6257
  -32.1184
   13.0284
  -14.2475
  -45.1192
>c (costs vector) data
  -1.6557
  -1.3664
  -1.2956
   4.9200
   0.5116
  -4.9909
  -0.5332
   4.9742
   2.9816
   0.0383
>Status flag:
UNBOUNDED