# Randomly generated test case
# Case number: 23; Generated: Sun Nov 19 05:44:16 4461606

# Parameters: n=10, m=15, a=10,b=100
>epsilon -- precision parameter
0.01
>A matrix data
   3.7349   4.6899   0.9308  -4.8586   4.2564  -4.5249  -2.4439   2.5569  -3.7490  -3.0925
  -3.6237  -4.0342   0.1466   2.0594   1.1793   0.5356   0.2149   2.5487  -2.5214  -3.5121
   1.7792   4.8513  -3.4069   1.6064   3.8839  -2.9908  -0.9775  -1.4324  -1.6411  -2.7424
   4.2754  -3.6638  -4.9066  -2.6526   4.2878   4.6195  -0.4954  -1.7670   1.8468   2.3236
  -2.3579  -1.5129  -0.5059   1.9264  -2.0003  -1.3940  -0.0155   0.5877  -0.3313  -3.4968
   1.8876  -3.2326  -1.9754   3.4573   3.4235   4.1219   0.4485   4.3178   2.2273   0.5049
   0.1339  -0.2228   4.3486  -4.1838  -2.0366   2.2713   3.0810   4.5271  -3.7576   1.8022
   3.2548  -4.8157   2.8701   2.9847   0.3220   2.4434   2.5620   1.6295   0.7193   4.8690
   3.5011   2.5429   2.2752  -1.1919   0.8576  -2.6785  -0.1187   4.8304  -0.6084   0.3604
   2.6909   0.1303   4.9701  -4.9417  -2.4570   2.9185   0.1191   4.8987   2.1258  -4.1221
   1.9702  -4.1885  -0.8512  -3.7553  -3.8054  -2.0396  -2.3891  -3.3222  -0.2160  -0.3614
   4.5707  -2.0516   2.2724   0.1580  -1.3991   4.6441  -4.2570  -4.7368  -3.8072  -3.8506
   3.7820   4.8957  -4.5055   1.8315  -1.0383   2.1448   4.6579   2.8827   4.9257   4.3521
   1.0421  -4.8351   3.0517   0.3380  -3.0283   0.7742  -2.2891   3.3998  -1.5230  -0.2333
  -1.8291   2.3200   4.3523  -1.0622   3.7380  -2.9231  -4.6971   0.3018  -4.3486  -2.9832
>b (rhs) data
   34.2363
  -21.2461
    2.2611
  -15.1163
   12.8394
   28.1667
   39.9699
   17.8933
   33.4319
   26.0146
   -7.2392
   41.1402
   35.6056
  -14.9725
   19.0709
>c (costs vector) data
   4.8862
  -1.8600
   0.7864
   1.5005
   3.1401
   4.4702
  -0.9776
   0.4244
  -1.9447
   0.5536
>Status flag:
UNBOUNDED