# Randomly generated test case
# Case number: 35; Generated: Wed Dec 31 19:00:00 1969

# Parameters: n=10, m=10, a=10,b=100
>epsilon -- precision parameter
0.01
>A matrix data
  -2.0552  -0.6719   2.1008  -2.9548   1.9384   1.5339  -3.6329   4.6932  -2.1471  -4.9377
   3.3604  -2.7342  -3.3705   2.0500  -3.0976   1.1176   4.2027  -3.0969  -2.0396  -4.4901
  -1.8353   4.5231  -2.5618   2.3069   4.9008   4.3483   4.1735   2.7528  -2.0289   0.5060
  -3.6817  -4.8471   4.2836   3.5819  -4.2026   4.9441   0.9568  -4.4759  -3.1945   4.1817
  -3.0298  -3.1047   4.4630   1.2452   4.3511   2.1224  -3.4621  -2.3319   4.6227   3.0750
  -4.6578   0.2694   0.8624  -2.0464  -1.7307  -0.8940  -0.8043  -4.3343  -3.9052  -1.0301
  -1.7870   0.6027  -3.0493   3.6859   3.2333   3.7365   1.0985   4.4140   1.6930  -2.2510
  -2.7721  -2.6133  -3.2583  -2.8802   0.9179   2.5149  -1.0641   0.2458   3.3056   2.7933
   2.5081   0.6533   3.2500  -1.2297   1.2066  -1.6252  -0.1974   3.6596   4.5575   3.8227
  -0.4800  -3.9748  -3.5731  -0.1586  -1.0334   2.4616   0.1276  -3.8790   0.3220  -0.4126
>b (rhs) data
   41.1336
   27.0536
  -32.8553
   36.9737
  -13.3645
  -32.2077
   41.6979
   15.6915
   25.5987
   24.8114
>c (costs vector) data
  -3.4722
   0.6437
   1.5467
  -4.5141
   4.0500
  -4.3579
   1.5448
  -3.2813
  -4.1431
  -1.9369
>Status flag:
UNBOUNDED