# Randomly generated test case
# Case number: 45; Generated: Wed Dec 31 19:00:00 1969

# Parameters: n=10, m=15, a=10,b=100
>epsilon -- precision parameter
0.01
>A matrix data
   0.4239   3.6929   2.5686   2.5674  -1.6115  -3.6681   1.0244  -4.4499  -0.2138  -2.0476
   1.2253  -2.3542   1.5285   0.7361   2.4008  -4.3422  -0.4758   0.5252  -3.2867   2.4318
  -0.3903   1.7171  -4.8518  -3.1094  -1.7158  -1.6365  -3.7805  -2.3904   2.0430  -0.9306
  -1.6901   4.3644   0.0863  -4.2797  -3.4603  -1.2049   3.1756   1.1427   2.2154  -2.6246
  -2.1581   2.7741  -3.2236  -3.3437   4.3891  -4.6394  -0.9869  -3.0008  -3.6484  -4.4790
  -1.0000        0        0        0        0        0        0        0        0        0
        0  -1.0000        0        0        0        0        0        0        0        0
        0        0  -1.0000        0        0        0        0        0        0        0
        0        0        0  -1.0000        0        0        0        0        0        0
        0        0        0        0  -1.0000        0        0        0        0        0
        0        0        0        0        0  -1.0000        0        0        0        0
        0        0        0        0        0        0  -1.0000        0        0        0
        0        0        0        0        0        0        0  -1.0000        0        0
        0        0        0        0        0        0        0        0  -1.0000        0
        0        0        0        0        0        0        0        0        0  -1.0000
>b (rhs) data
   44.1441
    3.5970
  -40.8269
  -48.0543
   -6.6140
         0
         0
         0
         0
         0
         0
         0
         0
         0
         0
>c (costs vector) data
   1.9260
  -2.3928
  -4.9182
  -2.8845
   2.0191
   0.8819
  -2.0962
   3.5307
   0.5348
   4.9086
>Status flag:
UNBOUNDED