# Randomly generated test case
# Case number: 10; Generated: Wed Dec 31 19:00:00 1969

# Parameters: n=10, m=15, a=10,b=100
>epsilon -- precision parameter
0.01
>A matrix data
   0.0493   1.2418  -3.8898  -0.0295   4.3662  -1.6943   1.4129   4.2861  -4.8277  -4.5972
   4.6089   4.8901  -3.9822   2.2739  -4.8769   3.0076  -0.7215  -3.2838   3.8762  -0.3003
  -3.0006  -1.7933   0.9863  -4.7952  -3.8110  -3.3922  -3.9906  -4.3735  -0.9502  -1.2848
   3.3164  -0.8088   2.0296   0.9606   4.2783   3.6743   0.4938  -0.8858   2.8469   1.6645
   3.4108   4.8752   4.1894  -0.6402   3.0940  -0.6265   2.1435   2.1370   4.6105   0.1831
  -3.2701  -1.5816   2.7158   1.7410  -0.9242   3.4717   0.9287   0.2511   0.0255   3.2826
   0.0927   2.8108   4.0393   4.1654  -3.0185   0.4251  -0.2570  -2.8946   3.6941   0.3174
  -0.1732   4.1358  -1.4746   4.7555   2.8418   4.7974  -3.1363   3.3638  -2.9538   0.1200
   1.6858  -3.4002   4.9280  -3.8717  -2.3674   2.7852  -2.8137   1.2390  -0.8985  -1.3214
   4.4533   1.7239   2.8726   4.7631   2.7929   0.5019   3.3412   4.7370   2.9833   1.7619
  -2.8141   2.5862  -0.0402  -4.6551  -1.0526  -3.5235   2.8711  -0.6263   3.1023   4.9634
   0.2306  -3.3757   1.9839   4.3619   1.5561   1.3140  -0.5846  -4.8518   4.8397  -3.1265
  -2.0233  -3.2239  -4.7993   0.7433  -0.0202   1.9096   0.0020  -2.6314   3.2817   4.3762
   0.3301  -1.1832  -1.5847   1.3713  -0.2799  -0.3359  -4.1009   4.8544  -4.6997  -2.7449
  -0.6112   2.1420  -3.0986  -2.5543  -2.7888   2.7862   2.7602  -4.9033   2.0839   4.3687
>b (rhs) data
  -44.3351
   -7.4695
   20.0506
   -3.9038
  -25.2252
  -32.6756
  -41.1855
   26.2152
   -9.9949
  -39.9253
    3.5666
  -43.9836
  -10.3663
   -9.7528
  -17.2274
>c (costs vector) data
  -4.6067
   2.8335
  -3.2112
  -1.3562
   2.1019
   3.3433
  -1.8056
   4.7022
   4.8616
  -4.8990
>Status flag:
INFEASIBLE