# Randomly generated test case
# Case number: 40; Generated: Wed Dec 31 19:00:00 1969

# Parameters: n=10, m=15, a=10,b=100
>epsilon -- precision parameter
0.01
>A matrix data
   3.9220  -0.5717   4.7509  -4.2512  -4.0930   0.3670   2.7443   3.2021   2.8104   4.5960
  -1.3347   4.9871  -2.6231  -0.1532  -3.2115   4.1025   2.2378   0.5969   0.4261  -2.0007
   0.0942  -1.7845  -4.0236   0.2204  -4.4816   4.3179  -2.6407  -2.3758  -1.2015   2.9028
  -0.7632   3.8633   3.6574   2.3182  -3.0944  -1.1827   1.6520   1.9889  -2.8510   0.8797
  -0.4577   1.0667  -1.8129  -0.0141   2.9681  -4.8784   4.9356   0.3265  -4.5044   2.5413
   3.3281   1.1792  -1.0649   0.1267  -2.7267   4.5152  -4.7520   3.4072  -4.9120   1.6784
  -2.3663   0.8633  -3.0155  -2.0760   2.2604   4.9925   0.5678   3.1958  -2.5526  -1.0258
   0.4198  -0.8341  -0.2709   2.4939  -1.6892  -1.2895   2.2831   1.8240   0.8563  -3.4471
  -0.3399  -3.2086  -1.1067  -4.8769   1.9832  -0.2435   3.8430   2.8317   3.6988  -2.5715
  -3.0886   4.9163  -0.0845  -2.7814   2.9133  -0.3174   0.8324  -3.6757   3.9693  -3.5696
   0.0358  -2.3827  -2.9395  -3.7886   1.0502  -0.0047  -0.3747   4.3564   0.5858   2.5741
  -4.9925   1.0120  -4.1527  -1.3297  -1.0673   4.3661   2.4914  -3.2593  -2.5375   0.5748
   2.8848  -2.7397  -4.2450   4.4452   4.3409   3.1629  -3.4017   1.3728  -2.1284  -1.2112
   4.1111   2.6463  -1.1343   4.2155  -4.5852  -0.4375   3.5448  -0.0149  -2.2012  -3.8672
   1.3073   0.9422  -1.4528   1.1333  -4.6094   2.3444  -2.2111  -1.5097   2.3944   3.2125
>b (rhs) data
   44.9416
   30.3267
  -31.8145
   47.7575
   17.4313
   -1.6211
   28.3209
    6.9428
   38.3354
   40.8194
   47.7525
  -33.8205
   30.5239
   12.0182
   27.8525
>c (costs vector) data
  -3.1986
  -3.6126
   2.8675
   0.6774
  -4.9043
  -4.0203
   3.0602
   1.4101
   2.9015
  -1.5365
>Status flag:
UNBOUNDED