# Randomly generated test case
# Case number: 21; Generated: Wed Dec 31 19:00:00 1969

# Parameters: n=10, m=25, a=10,b=100
>epsilon -- precision parameter
0.01
>A matrix data
  -2.3032   0.1740   4.8471  -2.8607   4.3660  -0.9297   1.1792   4.5178  -2.0496  -1.0559
   2.3262  -0.4653  -1.5804   0.9145   1.7670   3.2160  -2.1042  -0.9951  -0.6183  -0.2968
  -4.7938   0.1681  -4.7682  -3.1910   3.9940  -3.5017   3.3577   4.3320   4.6807  -3.6678
  -1.1327   1.6751  -3.3699   3.3721   1.7119  -2.4534  -1.3067  -2.1297  -2.4346   1.3373
   0.0506   1.3412  -4.1956   3.1207  -0.7831  -4.2000   3.6014  -4.7990   4.1401   2.9727
  -2.8587   1.7513  -1.9564   3.8074   4.2785  -4.4116   0.7298  -2.5301   1.0497  -2.8066
  -4.0128   1.4974   0.9939   1.1975   2.6312   0.4425   1.6334   3.4264  -1.8800   1.8534
  -3.9525  -3.2064  -2.4860  -4.6235  -3.3838  -0.5338   2.9244  -2.4526   3.4173  -2.2486
   1.5999   1.7159   3.5847  -1.8588  -3.9393  -0.8563  -2.2250   3.7848   2.7093  -1.9212
  -2.6426  -2.4896  -0.3901  -2.7000  -0.3039   2.3742  -3.7122   4.4443  -1.5810   1.6231
   4.8668  -4.8589   1.4967   0.3335   2.7992  -3.4842  -2.1674  -4.9154   2.3371  -1.2335
   1.4629   1.8919   2.1135   3.1400  -0.1882   2.9142   0.3415  -2.0560   0.7069   2.6087
   2.8758  -4.3022   1.0327  -3.3655  -3.9863  -0.1857  -0.5622  -2.1385   0.5402  -0.2982
   1.3339   0.5126   2.2712  -2.6096   2.8818   1.2240  -1.1975  -0.9341   1.9159  -1.8502
   2.1043  -4.0626   4.4501   2.5178   1.1081   2.7855  -2.2638  -2.6619  -2.6401   3.1735
  -1.0000        0        0        0        0        0        0        0        0        0
        0  -1.0000        0        0        0        0        0        0        0        0
        0        0  -1.0000        0        0        0        0        0        0        0
        0        0        0  -1.0000        0        0        0        0        0        0
        0        0        0        0  -1.0000        0        0        0        0        0
        0        0        0        0        0  -1.0000        0        0        0        0
        0        0        0        0        0        0  -1.0000        0        0        0
        0        0        0        0        0        0        0  -1.0000        0        0
        0        0        0        0        0        0        0        0  -1.0000        0
        0        0        0        0        0        0        0        0        0  -1.0000
>b (rhs) data
   13.0102
  -17.4570
   37.0593
  -22.4946
  -32.0918
  -26.4091
  -22.0264
  -10.9383
  -49.2191
   34.2579
   21.9129
   32.0716
  -23.3723
  -35.3305
   36.4456
         0
         0
         0
         0
         0
         0
         0
         0
         0
         0
>c (costs vector) data
   0.1822
  -0.7848
   4.3684
  -2.7348
  -1.0187
   3.1520
  -2.5672
   1.1608
   2.3607
  -1.7846
>Status flag:
INFEASIBLE