# Randomly generated test case
# Case number: 41; Generated: Wed Dec 31 19:00:00 1969

# Parameters: n=10, m=10, a=10,b=100
>epsilon -- precision parameter
0.01
>A matrix data
  -1.6044  -1.6100  -0.2692  -2.8481   1.9389   4.1265  -2.5024   3.7271  -2.6524   4.5482
  -4.6542  -2.7040  -2.4838  -1.5286   1.9989  -1.9412  -0.7030  -1.0604  -4.2372  -1.9168
  -2.1874  -4.1442   4.1806  -2.0945   0.0082   4.6542   3.5494   3.6159  -4.2282   2.8170
   1.1772  -0.7039   0.5237  -3.5712   0.7657  -2.7053   1.7039   1.8325   4.1883   2.5247
   4.2392  -3.3099   1.4551  -3.6842   3.0634   1.5439  -0.2808  -0.5213  -4.3080   0.2730
  -3.1606   4.9675   4.1769   4.9937  -4.7362   1.0034  -0.0203   1.4746  -3.4472   0.8829
  -2.2111   4.6456  -3.5607  -1.9042   1.7897   2.9056   1.7789   2.7968   2.9601   4.0522
   2.8205   2.2206  -1.9256  -1.7993  -3.5944   1.3659   0.9739   4.7737   1.6571   2.6787
  -2.2538   2.6188  -0.3998  -0.4756   2.3008   1.9625   1.8637  -4.7438   2.6713  -3.5734
  -2.5551  -0.0235   1.2191  -4.0451  -2.2937   0.3412   3.2064  -4.9043   1.5708  -4.0562
>b (rhs) data
   -7.3506
    8.1117
   30.8103
  -44.8373
  -39.7478
  -32.1409
  -14.9765
   43.5108
  -32.3713
  -17.5966
>c (costs vector) data
   4.6670
  -2.8020
   1.4914
  -3.7405
  -4.5104
   1.6073
   1.2327
   0.8445
  -3.1094
   3.7691
>Status flag:
UNBOUNDED