# Randomly generated test case
# Case number: 49; Generated: Wed Dec 31 19:00:00 1969

# Parameters: n=10, m=20, a=10,b=100
>epsilon -- precision parameter
0.01
>A matrix data
   0.8142   3.1433  -1.8406  -3.6554   4.1968   4.1275  -2.2297   4.8952  -4.8525   0.2444
   1.3008   4.6890   2.3455   3.8627   4.3254  -4.0747  -0.8104   3.4473  -4.7209  -2.8414
   4.4641   1.8386  -1.1849  -0.2836  -1.1676   1.9200  -2.0621  -3.8156   2.9034   2.5349
  -4.8047  -4.4444   2.7488  -0.6195   2.7320   4.3615  -4.2816  -0.6819  -1.7454  -3.6747
  -1.6223  -3.8153  -4.0997  -2.2312  -3.0261  -2.8143   4.4525  -1.1739  -4.9604   3.4826
   4.5428   4.8955   2.8661   0.8651   0.0668  -4.2641  -4.2796   3.0928  -0.8469   3.1960
   4.9720  -4.7808  -2.7909   4.8454  -1.8110  -4.5456   1.4915  -3.2553  -4.8676  -2.7983
  -0.5614  -2.4387  -1.1474   3.3692   3.0706  -0.0409   2.0647   3.9226   0.4535  -4.5580
   1.4269  -0.5762  -0.1776   0.2126  -4.7634   1.4478  -3.9662   3.8605  -0.5761   1.6942
  -3.9643  -4.1605  -1.8263  -4.4285  -1.0461   3.1067  -2.2408   0.6420   1.7831   2.2119
  -1.0000        0        0        0        0        0        0        0        0        0
        0  -1.0000        0        0        0        0        0        0        0        0
        0        0  -1.0000        0        0        0        0        0        0        0
        0        0        0  -1.0000        0        0        0        0        0        0
        0        0        0        0  -1.0000        0        0        0        0        0
        0        0        0        0        0  -1.0000        0        0        0        0
        0        0        0        0        0        0  -1.0000        0        0        0
        0        0        0        0        0        0        0  -1.0000        0        0
        0        0        0        0        0        0        0        0  -1.0000        0
        0        0        0        0        0        0        0        0        0  -1.0000
>b (rhs) data
   36.4509
   36.8164
   36.8245
  -27.4364
  -27.5498
   17.7594
   11.0963
    5.8342
   41.2359
  -37.3602
         0
         0
         0
         0
         0
         0
         0
         0
         0
         0
>c (costs vector) data
  -1.4370
   2.0532
  -1.4259
  -4.9426
  -4.6750
   2.3862
  -1.4463
   0.8613
  -3.6448
   0.0826
>Status flag:
UNBOUNDED