# Randomly generated test case
# Case number: 10; Generated: Wed Dec 31 19:00:00 1969

# Parameters: n=10, m=15, a=10,b=100
>epsilon -- precision parameter
0.01
>A matrix data
  -4.1880  -3.1384  -1.6744  -2.0141   0.5577  -3.6421   4.5749   4.8269  -0.6037  -1.9210
   3.6730  -4.0208  -3.2392  -4.4035   4.4153   0.5056   2.9953  -4.1606   3.8419   2.7210
  -2.2001  -2.2556   1.1932   3.0239  -0.1591  -0.8674   4.6588  -2.9455   2.8585  -4.6650
   4.8077   3.5257  -2.3382  -4.7243   1.1432   1.7318  -1.9598  -1.5505  -4.4292   2.4346
   2.1117  -4.7485  -0.5954   1.2589   0.9637  -0.4694  -2.7841   4.0307   0.7151   3.4265
  -1.0000        0        0        0        0        0        0        0        0        0
        0  -1.0000        0        0        0        0        0        0        0        0
        0        0  -1.0000        0        0        0        0        0        0        0
        0        0        0  -1.0000        0        0        0        0        0        0
        0        0        0        0  -1.0000        0        0        0        0        0
        0        0        0        0        0  -1.0000        0        0        0        0
        0        0        0        0        0        0  -1.0000        0        0        0
        0        0        0        0        0        0        0  -1.0000        0        0
        0        0        0        0        0        0        0        0  -1.0000        0
        0        0        0        0        0        0        0        0        0  -1.0000
>b (rhs) data
  -11.4391
  -20.2199
   20.0738
   40.8864
   -8.9299
         0
         0
         0
         0
         0
         0
         0
         0
         0
         0
>c (costs vector) data
  -3.1152
   1.2580
   0.9743
   2.7970
  -0.3423
  -0.6922
   1.8920
  -0.0247
  -4.8566
   2.7098
>Status flag:
UNBOUNDED