# Randomly generated test case
# Case number: 46; Generated: Wed Dec 31 19:00:00 1969

# Parameters: n=10, m=15, a=10,b=100
>epsilon -- precision parameter
0.01
>A matrix data
  -0.6656   0.0079  -3.2564  -1.5831   2.7664  -2.1079  -0.3534  -2.2763  -4.3030  -0.9204
  -0.2282   4.8702  -3.5945  -1.8399   1.5325  -4.3686   2.1033  -3.8654  -3.0090   0.6389
  -3.1165   1.7865  -2.1791  -4.6449  -0.1407   4.4425   1.8372  -4.5880  -2.0754  -4.6321
  -2.6749  -3.2835  -1.8056  -3.2148  -2.1253   3.5093   3.0501   2.4199   3.2188  -0.8620
  -4.7797   1.6284   4.6286   4.9484   1.8821   0.9924  -2.0430  -2.4973   3.7513  -0.4072
  -1.0000        0        0        0        0        0        0        0        0        0
        0  -1.0000        0        0        0        0        0        0        0        0
        0        0  -1.0000        0        0        0        0        0        0        0
        0        0        0  -1.0000        0        0        0        0        0        0
        0        0        0        0  -1.0000        0        0        0        0        0
        0        0        0        0        0  -1.0000        0        0        0        0
        0        0        0        0        0        0  -1.0000        0        0        0
        0        0        0        0        0        0        0  -1.0000        0        0
        0        0        0        0        0        0        0        0  -1.0000        0
        0        0        0        0        0        0        0        0        0  -1.0000
>b (rhs) data
  -25.3854
   -2.3791
   12.3562
   28.1052
  -48.7951
         0
         0
         0
         0
         0
         0
         0
         0
         0
         0
>c (costs vector) data
  -0.6619
   0.2206
   2.5708
   2.0157
  -3.4249
   1.8069
   3.7711
   3.5859
   4.6846
   3.0295
>Status flag:
UNBOUNDED