# Randomly generated test case
# Case number: 44; Generated: Wed Dec 31 19:00:00 1969

# Parameters: n=10, m=10, a=10,b=100
>epsilon -- precision parameter
0.01
>A matrix data
  -4.0755   4.8781  -0.9667  -0.1469  -0.1611  -1.1368   4.6510   1.6606   0.2259  -3.1690
   2.7449   4.9668  -3.0993  -3.3842  -0.5478   4.2119  -2.4695   1.2156  -0.6896   0.3442
  -2.9078   1.8817   1.5268  -2.0806   4.4624  -2.1194  -2.3019   0.3574  -3.4245   1.5595
   0.7611   3.5418  -3.5021   3.9603   1.2371   0.9575  -3.1076  -4.2825   2.6033   2.2392
  -2.8324  -2.8703  -4.6823  -0.8590   0.7944   4.8904  -3.2248   0.0564  -0.5385   4.1342
  -0.8351  -1.6843   2.4179  -3.3637   0.8686  -2.8819   4.9356   1.6233  -1.1102  -2.4059
  -3.0346   3.9294  -3.8070  -4.5062  -2.5876   2.5301  -1.1461   1.6204  -4.8805   4.4749
   3.1155  -1.6132  -3.7565  -0.5602   0.9206  -0.6323   2.0703   1.5939   1.2735  -2.2198
  -2.5799  -1.0618   3.7175  -4.9648  -1.3081  -2.9572   1.7459  -4.0351  -4.5363  -2.9080
   2.1776  -3.7865  -3.2818  -1.7001   0.5621  -3.3603  -4.7071   1.2319  -1.5924  -2.5128
>b (rhs) data
  -28.5202
  -22.4938
   23.7546
    3.6155
   46.0532
   15.1469
   29.2881
   45.7917
   36.4407
  -32.9335
>c (costs vector) data
  -0.5816
  -3.9300
   0.8462
  -2.7360
  -4.3712
   1.2768
   3.1234
  -4.3268
   4.8732
  -4.1027
>Status flag:
UNBOUNDED