# Randomly generated test case
# Case number: 48; Generated: Wed Dec 31 19:00:00 1969

# Parameters: n=10, m=15, a=10,b=100
>epsilon -- precision parameter
0.01
>A matrix data
  -3.8440   0.1021  -3.9459  -3.6187  -4.5930   3.7035  -2.0639  -1.0634   4.9394   3.8374
   1.2752   0.0749  -1.5311  -4.2728   1.5761   4.5288  -2.8052  -3.1863   4.7075  -1.2815
   1.2973  -0.9852   2.1244   2.8447  -4.6740   0.3318   2.7894  -4.7201  -3.8371  -0.3328
  -1.9061   3.2580   2.8927  -0.6671  -1.5347  -1.5673  -2.6314  -0.6753  -0.6101  -4.1995
  -0.2202  -4.0546  -0.4051  -1.9363  -2.1212   4.7571   3.9287  -3.7907   2.1682  -1.2041
   3.5380   1.5131   1.0753  -0.3845   0.6068   3.9033   3.8481  -3.0550  -4.7721   0.8181
   1.1399   2.6385   3.9053  -4.1628   3.7119   2.2741   2.5678  -4.7014   3.7150   2.8711
   2.2968  -1.6350   4.4627   0.1956  -0.7339  -3.9334  -2.4607   3.7307  -0.7033   1.0922
  -2.9904  -3.3586   3.5354   2.4439  -0.3214  -3.0356   0.1120  -0.7506  -3.7247  -3.4204
  -1.8211  -4.1448  -2.4486   2.1809   0.3952   3.7134   1.4565  -1.4061   1.9463  -1.6030
  -3.0484   2.2343   0.1872  -2.6919  -3.6243   1.9137  -0.5475  -0.4469  -3.0560   2.6253
  -2.2970  -3.6183  -1.1770   2.0462  -0.0641  -3.4720   3.3523  -1.8784   3.0290   2.9465
   4.7704  -3.0936   0.1788  -2.5601   4.4571   4.0484  -2.2550  -2.4625   3.0278  -3.6324
   4.0139  -1.4642  -3.5088   2.6004   1.6993   4.4034   0.4246  -1.1888  -0.4641  -3.0918
  -4.0006  -1.1176   3.2359  -4.9288   2.0781  -3.2134   2.0960  -3.7530  -1.0869   1.7775
>b (rhs) data
  -38.5585
   32.9085
   44.1919
   48.8686
   16.9023
   43.7653
   -4.3199
  -40.0765
  -31.1718
   10.3814
  -22.0643
   27.3297
   41.3665
  -16.6128
  -42.7177
>c (costs vector) data
   2.4181
  -3.0245
  -1.5750
   0.4715
   2.2334
  -2.8077
  -0.8255
   0.1295
  -4.7332
  -0.5292
>Status flag:
UNBOUNDED