# Randomly generated test case
# Case number: 42; Generated: Wed Dec 31 19:00:00 1969

# Parameters: n=10, m=15, a=10,b=100
>epsilon -- precision parameter
0.01
>A matrix data
   1.8566  -4.9348  -1.5029  -3.2623   1.8289  -0.6203  -1.7428  -2.4378  -0.3562   3.4924
   4.5304  -1.2634   4.6694   2.4171   4.1471  -1.8327  -3.0271   3.0615  -2.0812  -2.7872
  -4.1475  -4.4997  -2.6629  -2.0173   3.1935   0.8843   3.0856  -2.4691  -4.7162  -1.9314
   3.7108  -4.1684   0.3932   3.7413   4.9359   0.2349   0.2239   0.2129  -2.7380  -4.7481
   4.6143  -2.8504   4.2524   1.0937  -4.8417   4.2467  -2.9186   0.2068  -1.6908   0.2691
   0.9724   2.9499   3.3964   1.7536   3.5910  -0.2642   4.4771   3.8934  -2.7217   1.0108
  -1.0175  -1.7275  -0.6262  -1.9077   4.8225   0.5905  -4.2785  -0.5286   3.3981   4.9117
  -0.8093   2.7168  -1.2911   3.1042   1.8560  -3.6346  -1.9066  -3.2473  -3.4088  -1.7078
   0.0537  -3.2031  -2.6076  -4.2548  -4.7483   1.6462  -2.8216   2.3350   1.7683  -2.5862
   1.0220  -4.2966   2.6554  -2.8646   2.5671   4.8750  -4.7347   4.9277  -2.0694  -1.9840
  -0.1472  -2.4306   3.3806  -4.3224   1.7935   2.4329   0.1373   3.5647  -1.4526   1.1927
  -4.5005  -4.2722   3.5093  -1.2093  -0.6108   3.1269   0.1359  -0.0569  -1.3926   0.1659
  -4.3500   0.4045   1.6079   4.8687  -2.1696  -4.9289   4.3843  -2.3630  -2.0031  -1.2896
   4.3076   0.4714  -2.5036  -1.9801  -4.1294   1.4164   0.1225   2.7285  -4.9348  -2.2256
   0.6081  -3.3555  -2.1470   0.3153   4.7947  -4.6993   0.4913  -4.5882  -1.6592   0.4366
>b (rhs) data
   39.8788
  -38.1351
  -38.9838
   36.2323
  -35.7213
  -15.2539
  -21.4853
   47.9127
  -21.9149
   28.8644
  -28.0546
    1.3182
   13.8344
  -19.4133
   12.4764
>c (costs vector) data
  -0.5162
  -3.5962
   4.6730
   3.2933
  -1.7074
  -1.5013
   4.5941
  -1.7600
  -2.3593
   3.7919
>Status flag:
UNBOUNDED