# Randomly generated test case
# Case number: 29; Generated: Wed Dec 31 19:00:00 1969

# Parameters: n=10, m=15, a=10,b=100
>epsilon -- precision parameter
0.01
>A matrix data
  -0.8395  -4.5369   1.9903   1.9646   4.3227  -0.9376  -1.9830  -4.4683   4.8947  -4.8944
  -3.6458   4.5922   1.4460  -1.1948  -4.9735   0.1903  -1.8241   2.2886  -4.0056   2.2617
  -0.6050  -4.2349   0.5941   4.2085  -3.7940   1.0140   1.5452  -2.3879   1.7679   2.8013
   0.6796   4.0923  -2.8385  -4.9763   3.5997   2.4479  -0.7826  -3.8309  -3.6910   1.4724
  -0.9932   3.6989   4.4378  -4.4608   3.4229   0.5758  -0.6813   1.6620  -3.6701   1.5611
  -0.5672  -0.1317   2.2610  -4.9812   0.5994   1.9427   0.5497  -2.4373   1.2639   3.6165
  -2.9790   2.1732   2.7028   2.4498  -2.7130  -3.3908  -4.9893   4.9754   0.5622   0.0304
  -4.0466   2.5480   2.6575  -1.1881   4.4262  -2.7055  -3.5309   1.7584  -1.8250  -0.3332
  -4.2951  -0.6221  -0.2871   2.0344  -4.7198  -3.0262  -4.9851  -2.5726  -0.8291  -3.4322
   4.0998   4.6890  -3.4098  -2.5095   4.5948  -2.3599  -1.0964  -4.1942   2.6303  -3.5637
   2.1023  -4.4829  -0.5812   0.5673   3.7241   0.7703   0.0130  -4.6019   2.1673  -0.6052
  -3.7656  -3.8295  -1.4030   3.2575  -0.7754  -0.5043   4.7534  -2.0766   0.6488   1.2177
   3.7507   2.4192   0.0169  -4.8476   4.5110   0.4747  -1.7746  -1.3561  -1.5650  -0.7818
  -2.2019  -0.4205  -0.7872   2.2700  -0.2941  -3.8929   0.6543   3.4821  -4.0924   0.7128
  -3.4756   4.3452   2.6931  -2.5441   3.9593   1.5328   0.8694  -4.6313   0.7290   2.4532
>b (rhs) data
   49.3959
    0.0600
  -31.2295
  -43.7112
   18.6335
   17.5090
   46.4747
  -22.5033
   10.3072
   34.7532
  -27.6984
   34.2914
  -32.9956
   30.9584
    0.4617
>c (costs vector) data
   3.4007
   2.0501
  -1.0165
  -3.6589
   4.6238
  -4.4473
  -2.1981
   0.4000
  -3.3747
   2.2875
>Status flag:
UNBOUNDED