# Randomly generated test case
# Case number: 36; Generated: Wed Dec 31 19:00:00 1969

# Parameters: n=10, m=15, a=10,b=100
>epsilon -- precision parameter
0.01
>A matrix data
  -3.0664  -0.9981  -2.7349  -4.5247   3.1563  -4.5130   4.9916   4.5277  -4.0678  -2.9514
  -1.2405   2.7431  -0.6017   0.7836   2.6865   4.9496   1.7290  -0.0098   1.0124  -0.0247
  -4.5317   1.4138  -2.0980  -4.9232  -3.6230   0.7996  -4.0589  -4.8938   4.5121   0.9323
  -3.8922  -4.8079   0.2677  -0.5907  -1.5989   0.8796   4.5351   4.6045  -1.0503   1.9093
  -1.2005   4.5810  -4.4563   3.0202   2.7767   1.4422   0.2477  -2.8209  -1.7313   4.3018
  -1.0000        0        0        0        0        0        0        0        0        0
        0  -1.0000        0        0        0        0        0        0        0        0
        0        0  -1.0000        0        0        0        0        0        0        0
        0        0        0  -1.0000        0        0        0        0        0        0
        0        0        0        0  -1.0000        0        0        0        0        0
        0        0        0        0        0  -1.0000        0        0        0        0
        0        0        0        0        0        0  -1.0000        0        0        0
        0        0        0        0        0        0        0  -1.0000        0        0
        0        0        0        0        0        0        0        0  -1.0000        0
        0        0        0        0        0        0        0        0        0  -1.0000
>b (rhs) data
  -37.1943
  -48.4624
   -1.5001
   41.2643
   33.0932
         0
         0
         0
         0
         0
         0
         0
         0
         0
         0
>c (costs vector) data
  -4.5608
  -1.7394
  -0.0934
  -0.0921
  -1.9629
   1.1646
  -4.2601
   2.4548
  -1.4317
  -0.5564
>Status flag:
UNBOUNDED