# Randomly generated test case
# Case number: 33; Generated: Wed Dec 31 19:00:00 1969

# Parameters: n=10, m=15, a=10,b=100
>epsilon -- precision parameter
0.01
>A matrix data
   3.5743   4.5680   0.2162  -3.2246   2.1310  -2.9767   1.0249   0.7793  -1.3248  -1.2020
   3.9836  -1.0137  -3.8730  -3.8713  -0.5948   2.7084  -1.6950  -1.9860  -2.5394  -1.2109
   2.6065  -4.4610  -4.6487   1.8744   4.0481  -1.4374   0.7113   3.0392  -1.9109   4.2887
  -1.6677   0.3326  -1.6297   3.2074  -4.8640  -1.5615  -0.0688   3.2506   3.4284  -4.8446
  -1.8443   2.1215   0.4420  -4.1847  -4.6080  -4.6865   1.9035  -2.9676   3.6858   0.1257
  -1.0000        0        0        0        0        0        0        0        0        0
        0  -1.0000        0        0        0        0        0        0        0        0
        0        0  -1.0000        0        0        0        0        0        0        0
        0        0        0  -1.0000        0        0        0        0        0        0
        0        0        0        0  -1.0000        0        0        0        0        0
        0        0        0        0        0  -1.0000        0        0        0        0
        0        0        0        0        0        0  -1.0000        0        0        0
        0        0        0        0        0        0        0  -1.0000        0        0
        0        0        0        0        0        0        0        0  -1.0000        0
        0        0        0        0        0        0        0        0        0  -1.0000
>b (rhs) data
   44.5049
  -35.1236
   15.6802
   -9.4562
   32.9384
         0
         0
         0
         0
         0
         0
         0
         0
         0
         0
>c (costs vector) data
   0.3614
   1.6893
  -0.5688
   2.1299
  -1.1727
   3.6872
   4.1349
  -4.5542
  -3.4093
   1.6877
>Status flag:
UNBOUNDED