# Randomly generated test case
# Case number: 1; Generated: Wed Dec 31 19:00:00 1969

# Parameters: n=10, m=20, a=10,b=100
>epsilon -- precision parameter
0.01
>A matrix data
  -4.8487  -4.8330  -0.5491  -1.1365  -2.3791   2.6479  -1.8872   3.5029  -4.8016   4.4271
  -0.7450  -3.5962  -0.7740  -3.8509  -2.4485  -0.1585   2.1239   2.2673   1.1416  -4.4955
  -4.8049  -0.5478  -3.0598  -1.7649  -0.0176   2.5907   1.6648   3.3041   1.8802  -0.9019
  -0.5822  -1.0439  -2.2878  -4.4052   0.1226  -3.2646  -0.0167  -4.0115   0.2248   4.3701
  -1.0051   2.5203   3.7174  -0.6719   0.1469   3.2159  -0.1838   4.7746  -3.4291   0.0780
  -0.7559  -3.1397  -2.6906  -0.4665  -4.2149   4.2021  -3.7313   1.4058   0.4514   4.0202
  -0.3810  -4.8331  -4.8013   4.5042   4.3187   2.8054  -1.1415  -4.4202  -3.2893   1.4436
  -4.6397   1.0048   1.9360   2.9071  -2.7362  -1.4795   3.4704  -1.5405   2.0732   3.3333
  -0.0618   3.1833   2.1881   4.8982  -4.1967  -2.8634   4.8798   2.8133  -3.8678   3.1801
   1.8486   4.0208  -1.6586  -2.4689   4.2851  -1.6764  -3.5364   0.9556  -2.5820  -0.3675
  -1.0000        0        0        0        0        0        0        0        0        0
        0  -1.0000        0        0        0        0        0        0        0        0
        0        0  -1.0000        0        0        0        0        0        0        0
        0        0        0  -1.0000        0        0        0        0        0        0
        0        0        0        0  -1.0000        0        0        0        0        0
        0        0        0        0        0  -1.0000        0        0        0        0
        0        0        0        0        0        0  -1.0000        0        0        0
        0        0        0        0        0        0        0  -1.0000        0        0
        0        0        0        0        0        0        0        0  -1.0000        0
        0        0        0        0        0        0        0        0        0  -1.0000
>b (rhs) data
   21.4032
   15.1772
   -9.9625
   -4.6566
  -30.4193
   20.7062
  -13.1568
  -48.2594
   19.2734
  -39.9767
         0
         0
         0
         0
         0
         0
         0
         0
         0
         0
>c (costs vector) data
   3.2976
  -1.0458
   2.5108
  -2.1531
  -0.8986
  -3.4559
  -2.7530
  -1.1003
   1.5390
  -3.3152
>Status flag:
UNBOUNDED