# Randomly generated test case
# Case number: 27; Generated: Wed Dec 31 19:00:00 1969

# Parameters: n=10, m=15, a=10,b=100
>epsilon -- precision parameter
0.01
>A matrix data
   4.2697   1.7875   1.8923  -0.9198   2.5670   3.0287   1.8384   1.3267  -0.1593  -0.6783
   1.6100  -4.7926   0.0681  -0.9396  -2.4051  -3.4440   1.1709  -3.6477  -1.4022   1.5653
  -2.3582  -1.5572  -2.6156   3.1967   3.0094   0.5220   3.6635  -1.0871  -4.1182   2.1479
   2.4997  -0.3928   4.7601   2.8946  -2.9159  -0.6209  -1.3822  -3.5235   2.8158   3.3075
  -1.7196  -0.4363  -0.4450  -0.4791   1.5052  -2.8195  -4.0106  -0.4477   3.6715   1.4515
  -1.0000        0        0        0        0        0        0        0        0        0
        0  -1.0000        0        0        0        0        0        0        0        0
        0        0  -1.0000        0        0        0        0        0        0        0
        0        0        0  -1.0000        0        0        0        0        0        0
        0        0        0        0  -1.0000        0        0        0        0        0
        0        0        0        0        0  -1.0000        0        0        0        0
        0        0        0        0        0        0  -1.0000        0        0        0
        0        0        0        0        0        0        0  -1.0000        0        0
        0        0        0        0        0        0        0        0  -1.0000        0
        0        0        0        0        0        0        0        0        0  -1.0000
>b (rhs) data
  -11.8531
   17.3557
   -2.6828
   19.0098
    2.3392
         0
         0
         0
         0
         0
         0
         0
         0
         0
         0
>c (costs vector) data
  -1.6445
   0.0648
  -0.6723
   3.4605
  -0.0215
   0.6137
  -4.2779
  -3.0255
  -1.6058
   1.1029
>Status flag:
INFEASIBLE