# Randomly generated test case
# Case number: 7; Generated: Wed Dec 31 19:00:00 1969

# Parameters: n=10, m=10, a=10,b=100
>epsilon -- precision parameter
0.01
>A matrix data
  -3.0550   0.0557  -4.7986   1.9227  -3.4862  -3.5973   2.4359  -4.2839  -0.4369   1.2671
  -2.3393   0.9804  -2.1382  -0.1778   4.2345  -3.8883   1.0855  -3.7103  -2.0588  -0.0033
  -3.5083   0.4762   2.9758  -2.5992   1.8970  -3.7765  -2.0505  -2.2896  -4.3577  -4.3925
   2.8581   1.0576   2.8653   0.9452  -1.5609  -2.4864  -0.9007  -0.4556   3.8255  -2.2558
   3.1419   3.5237  -4.1565  -2.8942   0.2997  -3.5380   0.4735   2.8398  -1.6854   2.2167
  -1.6901   2.3992   0.2573  -2.7590  -2.1201   1.5472  -2.8392  -0.1148   4.3528   1.0813
   4.4244   2.7068   4.1137   2.2322  -0.9003  -1.4887  -1.0620  -3.0979  -4.9496  -2.5884
   1.9178   0.7621  -1.8226   1.3064   1.4214  -1.2214  -3.5116   4.5751  -4.5454   4.0985
   4.3949   1.2797  -2.8121  -0.1670   0.2250   2.6717   2.3246  -1.3577  -3.9231   1.0003
  -4.6634  -1.6363   1.4606   1.8957   3.2508  -1.1548   4.6105   3.4032  -1.8861   3.6828
>b (rhs) data
  -39.9600
   38.5737
  -27.7417
   19.5590
  -32.6650
  -38.4315
  -11.0617
  -27.9552
    9.5852
   19.3427
>c (costs vector) data
   2.4363
  -0.2321
  -0.9839
  -0.2921
   0.8843
  -2.0137
   2.9098
   3.2861
  -2.8206
   3.5065
>Status flag:
UNBOUNDED