# Randomly generated test case
# Case number: 43; Generated: Wed Dec 31 19:00:00 1969

# Parameters: n=10, m=10, a=10,b=100
>epsilon -- precision parameter
0.01
>A matrix data
  -3.8586   1.5317   4.7932  -4.8091   3.6975  -3.7882   3.0278   4.6541   3.7582   2.4284
   4.6815  -2.1630  -4.4824   4.8701   2.7741   2.5462   4.7757   0.5763  -1.4798   3.7600
   1.8538  -2.1775  -1.6486  -4.8880  -4.8943   1.5224   0.0800   1.5169   0.4105  -0.5279
   4.3460   3.6235   2.7882  -4.7054  -0.8709  -2.1315  -4.3771   1.8495  -0.6182   2.9217
  -0.6230  -4.7580  -1.8511  -0.0730   4.6829   2.8139   3.0518   2.1324   2.6942  -0.8005
   0.9434  -0.5046  -0.1060  -1.9789   1.2510  -0.5568  -4.2143   0.5932  -4.4763  -4.6562
   4.0258  -2.1464   0.9488  -0.3894   0.0178   3.2323  -3.1175  -4.5227   3.0775   2.1758
   4.5131   3.0785   1.7239  -4.1429  -0.9314   4.4347   1.1336   2.6366   4.8284  -1.3020
   0.3168   1.6413   1.8192   1.6342   1.4242   2.9752  -0.5332   0.8331   1.0980  -0.7238
  -2.7673  -1.8811   3.9055  -0.7773  -1.0238   0.9171  -2.6484  -2.0399   1.5767  -2.9535
>b (rhs) data
  -44.6324
   25.4279
   31.5058
  -30.5382
   43.8399
  -16.5643
   19.5815
    1.3106
   14.0859
   11.6347
>c (costs vector) data
  -2.3609
  -2.9324
   2.8652
  -3.2619
  -1.4479
  -4.4449
  -3.6846
  -2.0048
   2.2550
   0.2113
>Status flag:
UNBOUNDED