# Randomly generated test case
# Case number: 2; Generated: Wed Dec 31 19:00:00 1969

# Parameters: n=10, m=10, a=10,b=100
>epsilon -- precision parameter
0.01
>A matrix data
   2.9086  -2.2841  -2.2390  -4.3411   4.0659   1.2495   3.5952   3.9903   4.7573   2.9490
   3.6847  -2.0599   4.7659  -2.9365  -2.7122   0.9288  -2.6033  -0.9254  -2.2787  -0.4927
  -2.8243   4.3700  -2.6112   0.2090   1.0204  -2.4446   4.1286  -4.1912  -0.8741   2.6202
   0.7452   4.1002  -1.6917  -3.3802   3.6869  -1.3732  -3.4957   3.3051  -2.4875  -4.9133
   4.4266   1.4519   3.4460  -1.4075  -4.2710  -2.7161  -1.3074  -0.4196  -4.4182   2.4624
   4.2329  -1.3201  -0.1815   2.4924  -2.8154   0.5737   3.4507   3.5193   4.0602  -3.8914
   1.5292  -2.9083   1.0052   1.1294  -4.2596   4.6853   0.8744  -2.6597  -1.7575  -2.4572
  -0.1727   1.5234  -0.8405   2.7063  -2.0039  -4.9422  -2.5963   3.9540   4.9584   3.2670
   4.7753   3.3799   3.7531   0.3871   2.0192  -2.8722  -4.2908   4.0376  -1.1280  -0.7167
  -4.0599   3.7267   2.5015   2.1728  -0.2794   1.7526  -3.3738  -0.4628  -3.1421  -3.7081
>b (rhs) data
  -48.1239
   30.4670
  -17.9446
    6.7186
  -24.4666
   49.0650
   -1.8455
  -38.9787
    5.7983
  -45.2134
>c (costs vector) data
   4.2790
  -4.8827
  -0.5586
  -2.8884
  -1.2313
   1.6096
   2.9627
   4.4593
  -3.8313
  -2.9468
>Status flag:
UNBOUNDED