# Randomly generated test case
# Case number: 32; Generated: Wed Dec 31 19:00:00 1969

# Parameters: n=10, m=15, a=10,b=100
>epsilon -- precision parameter
0.01
>A matrix data
  -3.3457   1.2187   1.6851  -2.4176  -2.0550  -4.5175  -0.7161  -3.3197  -3.6534   0.4303
   2.0471  -3.6586  -0.0939   1.9108   1.3797  -0.4134   2.6038  -3.2889  -2.0873   0.7753
   4.2539   3.0927   3.4649   2.1189   2.6164  -4.2338   3.8030  -0.6266   4.4249   0.4781
  -4.1126  -4.2793  -0.2819   3.8282  -0.7850   3.4291   3.3991   1.5069   1.4866   3.4998
  -3.5189   0.3480   3.7420   1.4144  -0.0199   1.2717  -1.5292   0.4980   0.9168   3.9264
   2.1541  -1.2193   4.3123   1.2874  -4.1800  -0.2754   1.5237   4.3185  -0.7106   1.4407
   4.7485  -2.3434  -2.6761  -4.6716  -4.5921  -1.0847  -1.6364   0.3563   3.0111  -0.1782
  -0.2721   2.1986   4.4629  -3.9528   4.9279   1.0019  -1.2309   2.3738  -1.9342  -3.3231
  -4.4159  -3.5027   2.8273  -1.9731  -3.7294  -4.9457   2.2845  -2.8676  -4.5430   0.3787
   2.4357   1.5676   1.6914  -2.9661   3.1364   4.5294  -4.8542   4.1852   3.8013   1.6775
   0.4497   0.0514  -2.5119  -4.2065  -1.9293  -0.6977  -0.8977  -1.0844  -4.8181  -4.9505
   2.2087   1.7116   4.4421  -4.1388  -0.5374   1.3361  -4.1707  -0.4637   4.4249  -0.8865
   0.3246   3.5416  -2.5371   1.5612   2.4436  -3.9296   3.0966   4.9423  -1.3785  -0.8337
   0.4803   3.0556  -2.5278   0.2994  -4.4323   1.0537  -4.6088  -2.7728  -3.3171   0.9310
   3.8431   2.0350  -2.1033   2.8148   3.8132   3.3795   0.9470   2.1841   4.0108  -2.0427
>b (rhs) data
   22.8787
   48.7655
  -17.4605
    9.6564
  -43.2430
   10.1932
  -18.7865
  -10.1598
   16.7774
  -43.1541
  -15.4544
   -6.4760
   21.7799
   -6.4171
  -48.7341
>c (costs vector) data
   0.6371
   3.3887
   4.5495
  -2.6506
  -1.0475
  -4.5886
  -0.5486
   0.1249
  -3.8041
  -1.6619
>Status flag:
UNBOUNDED