# Randomly generated test case
# Case number: 46; Generated: Sun Nov 19 05:44:16 4461606

# Parameters: n=10, m=15, a=10,b=100
>epsilon -- precision parameter
0.01
>A matrix data
   0.2366   3.0189  -0.9721   1.7735  -1.8049  -0.7238  -2.4352   3.7312  -3.0095   3.9168
  -3.9623   3.2326  -3.6786  -0.2077  -3.0669  -4.4194   3.9675   4.6118   2.4039   4.2257
  -0.9040   1.3653  -0.1566  -3.1094  -2.8447   4.1369   3.0918  -0.9121   2.5705  -1.5807
   0.6793  -1.0401  -1.4855  -4.1971   3.7813  -4.1369  -2.2807   3.8017   0.5697  -3.1719
  -4.4248  -0.5056   4.7741  -3.2712   2.8548  -1.6980   2.2546   4.9184  -1.3379  -2.7667
   2.2785   1.2875   2.9389  -3.3809   0.0620   1.8010   0.8563   0.6241  -1.1803   2.4165
  -4.0128  -1.9756  -1.9854   2.6044  -0.6746  -0.9893   3.8378   4.3587   4.2652   0.9132
   4.0574   0.0840  -1.8714   2.5423   2.9468  -1.4438   0.5301   0.9651   4.1575  -4.9628
  -1.8784  -2.5774  -1.6808  -1.3623   1.1898   4.0747  -4.9400   3.3105   2.7938   0.7222
   2.5741   2.7756   3.6976   4.2772  -2.3942  -4.2249  -3.8594  -1.4400  -1.3959  -3.3506
  -2.7242  -0.2965  -3.6246  -4.1649   2.8868   1.4158  -1.4335   2.2902   4.3426   3.6837
   4.8878   0.2807  -1.9318   3.5896   2.0120  -1.0029  -2.6038  -0.9026   1.6618  -1.0406
   3.3397  -1.1958   3.1945   4.2686  -0.5008   0.2960   1.5405   3.3777   3.6791   3.9582
   2.4112   1.2391   4.8204  -2.7248   2.1913  -2.8633   0.2166   0.4232   2.7189   1.0891
   0.7998  -4.0959   2.8827  -0.5222  -3.5445  -1.6258  -1.1040   1.7324   3.8841   3.5676
>b (rhs) data
  -26.3191
  -47.8074
    2.9893
  -29.8939
   43.7233
   13.0971
   -7.5472
   19.1224
  -23.3643
   12.2478
   34.7675
  -30.9771
   38.3869
   21.7553
  -20.8004
>c (costs vector) data
   4.2022
   2.9920
   4.3817
   4.4063
  -3.8312
  -4.8649
  -4.5317
  -3.5198
   2.0108
  -4.0184
>Status flag:
UNBOUNDED