# Randomly generated test case
# Case number: 19; Generated: Wed Dec 31 19:00:00 1969

# Parameters: n=10, m=15, a=10,b=100
>epsilon -- precision parameter
0.01
>A matrix data
   2.1626   1.6426   0.3804  -0.2068  -2.7030  -2.0369   0.1696  -2.6758  -3.6532  -4.8936
   1.2981  -4.9302   4.2551  -4.2917   2.4927  -3.9971  -0.6581   3.6471  -4.9967  -3.1965
   3.6758   0.5820   4.9757  -0.6969   4.8824   4.6115   0.0442  -2.1903  -2.7343   4.9146
   3.7151  -4.1071  -4.4187   1.4437   1.6929   1.7216  -3.3077  -0.7018   4.5472  -2.1962
  -4.1964  -1.3159   1.3536  -3.9463  -3.1114   4.4296  -4.6114   4.2243  -1.7678  -4.8347
  -1.0000        0        0        0        0        0        0        0        0        0
        0  -1.0000        0        0        0        0        0        0        0        0
        0        0  -1.0000        0        0        0        0        0        0        0
        0        0        0  -1.0000        0        0        0        0        0        0
        0        0        0        0  -1.0000        0        0        0        0        0
        0        0        0        0        0  -1.0000        0        0        0        0
        0        0        0        0        0        0  -1.0000        0        0        0
        0        0        0        0        0        0        0  -1.0000        0        0
        0        0        0        0        0        0        0        0  -1.0000        0
        0        0        0        0        0        0        0        0        0  -1.0000
>b (rhs) data
  -35.0160
  -10.8895
   34.2112
  -18.1482
   -2.2880
         0
         0
         0
         0
         0
         0
         0
         0
         0
         0
>c (costs vector) data
   1.0617
  -3.3852
  -2.2512
   4.1873
  -0.7755
   1.6376
  -3.2573
   4.0053
   2.9816
  -4.7483
>Status flag:
UNBOUNDED