# Randomly generated test case
# Case number: 43; Generated: Wed Dec 31 19:00:00 1969

# Parameters: n=10, m=25, a=10,b=100
>epsilon -- precision parameter
0.01
>A matrix data
  -0.8808   2.3800   1.5295  -4.6615  -1.7640   3.7424  -2.4417   3.1087   1.1197   3.4631
  -4.1696  -0.7465  -4.4372  -2.6494   1.4010  -4.9721   4.4031  -2.6252  -1.9384   0.1397
   1.3493   3.5654  -3.8759  -4.0112  -0.4930  -0.7789  -0.8200   3.2893   1.5632   3.5295
   3.9890   1.2852  -3.9768  -4.1044   2.3235  -3.9060   4.3222  -4.8120   3.6302   4.3779
  -0.7764  -3.7719  -1.8686   0.2140  -0.6053   4.6220   1.5800  -0.8014   4.6120  -4.7920
  -0.1539   2.3112  -1.1976  -3.2308  -4.7337  -2.5744  -2.2623   3.4501   1.5606   0.6743
   4.9971  -3.8452   1.8241  -1.7573  -1.8524  -4.5169   1.9688  -1.7704   4.5202  -0.4705
   3.9017  -4.0810   4.3335  -0.0323  -3.2337   0.5090   2.1541   3.8774   2.2245   3.2706
  -0.5090  -0.9793  -3.4553   3.0656  -3.5528   0.7072  -4.7158   4.7206   2.4010   2.8356
  -3.5212  -4.7994   3.5340  -0.9105   0.4013  -1.9296   3.9434   1.6885   1.5723  -0.8647
  -4.3741   2.5070  -0.7403  -2.8161  -0.7375  -2.3209  -0.5963  -4.1365   4.8481   1.5480
   4.4656   1.6438  -2.7716   0.6860   0.0652  -3.3105   1.0209   0.2226   0.0061  -3.6795
   3.8808   4.5765  -2.9136   4.5376  -3.0031   1.4226   4.0722   4.0301  -0.4549   2.7421
   4.0471  -1.6906  -0.7079  -0.1077   3.5280   1.0104  -4.5600   3.7998  -4.7910  -2.9670
   3.2633  -2.7369  -4.7589  -1.5985  -0.9114   2.0863  -4.0848  -4.1107  -0.2456  -2.4682
  -1.0000        0        0        0        0        0        0        0        0        0
        0  -1.0000        0        0        0        0        0        0        0        0
        0        0  -1.0000        0        0        0        0        0        0        0
        0        0        0  -1.0000        0        0        0        0        0        0
        0        0        0        0  -1.0000        0        0        0        0        0
        0        0        0        0        0  -1.0000        0        0        0        0
        0        0        0        0        0        0  -1.0000        0        0        0
        0        0        0        0        0        0        0  -1.0000        0        0
        0        0        0        0        0        0        0        0  -1.0000        0
        0        0        0        0        0        0        0        0        0  -1.0000
>b (rhs) data
   22.6079
  -10.0716
  -10.9644
   39.0649
  -33.8956
   -1.7343
   -5.6992
  -44.3305
   44.0150
    5.5109
    1.5129
  -48.3840
  -17.1064
   -3.6641
  -45.2590
         0
         0
         0
         0
         0
         0
         0
         0
         0
         0
>c (costs vector) data
  -4.7372
   1.5853
  -3.1744
   1.7091
   0.2492
   1.3865
   4.6858
  -4.6951
   0.2753
   3.5920
>Status flag:
INFEASIBLE