# Randomly generated test case
# Case number: 36; Generated: Wed Dec 31 19:00:00 1969

# Parameters: n=10, m=15, a=10,b=100
>epsilon -- precision parameter
0.01
>A matrix data
   2.4527   1.0281  -2.8544   3.3803  -2.7926   3.7347  -0.5248   1.7972   4.3323  -3.2309
   1.4659   3.8887  -3.3919   1.3049  -0.8041   1.3281  -2.7150  -1.3988  -4.6451  -1.7953
   2.6358   2.9872   3.7694  -1.9996   2.9066   2.3902   4.9548  -0.9938  -0.3295  -3.5731
  -3.7508  -1.3560   4.3519   3.4493   0.6505  -3.1897   1.4758   3.5432   4.5030  -0.4391
  -0.2741  -1.8901  -3.6642  -4.5211   4.4643   1.6669  -2.5428  -1.9143   4.3672   1.2252
   3.2698  -4.7717  -1.2418  -1.6947  -1.7712   0.3752  -0.5852  -2.9467  -1.4184   2.3451
   2.0777   0.3479   1.6640   3.7590   0.8911   2.3375   4.1882  -4.0274   2.3634   1.1843
   4.8849  -1.2653  -3.7931   0.0626   2.4233  -3.8259  -3.9764   3.5759   4.5741  -3.9149
  -3.8021   4.8673  -0.3969   0.1796  -1.4208  -0.2006   3.8351   4.5217  -3.1902  -4.6449
   0.8693  -0.0832  -2.8364   1.1599   2.2672  -2.5550  -3.4320  -4.5678  -4.9731   3.1735
  -2.6519  -2.6032  -1.9550   2.0487  -0.6456   4.9075   0.6425  -3.0368   2.4536  -0.7706
   2.9797  -4.6808   1.3978  -2.3669   1.1875   4.8176  -0.8112  -4.6098  -4.8148   2.3726
   2.8559   4.2460  -0.7258  -1.9659  -4.6166  -2.8192  -1.1199  -1.3840  -1.8883  -0.8439
  -2.9100   1.1071  -0.7279   4.5338   2.0725  -0.1370  -2.5916  -1.0617   4.6331  -1.3983
  -1.5353   3.1066   3.5692   3.6533  -3.9112  -4.5800  -4.5610  -3.4239   1.5025   4.8229
>b (rhs) data
  -41.7484
   28.2845
  -33.9743
    2.9452
    5.8077
   11.6726
  -32.7540
    5.0091
   37.6938
   35.8828
   16.6473
  -22.2159
  -19.0546
  -13.0380
   32.7259
>c (costs vector) data
  -4.5425
  -1.7786
  -3.2648
   4.4288
  -1.1771
  -4.4597
  -3.1989
  -2.3344
   2.0685
   1.6242
>Status flag:
UNBOUNDED