# Randomly generated test case
# Case number: 47; Generated: Wed Dec 31 19:00:00 1969

# Parameters: n=10, m=15, a=10,b=100
>epsilon -- precision parameter
0.01
>A matrix data
  -3.9199  -0.6342   3.0550  -2.6346   2.3513   4.9311  -2.9410  -0.3407   2.7369  -2.4412
  -1.2637   3.6928  -4.3440   3.7092  -4.9493   2.6574  -2.3104  -0.3426  -4.9298   1.0967
  -3.3405   3.2534   3.9406  -0.6911  -0.1988   4.3669  -3.8643   1.1678  -4.2061  -0.2515
   2.0659   2.8786  -1.5810   1.5861   1.6156   1.0012   2.3557  -2.6781  -0.4600   1.0050
   2.6628  -1.5123  -0.5071  -3.0394  -1.9789  -0.0153  -2.7935   1.1455  -1.5544   2.0861
  -4.1942  -4.5954   0.7642  -0.3413  -0.5171   1.6420  -1.9286   0.3732  -3.3768   1.9776
   4.5467  -0.0299  -3.5998  -0.1824   1.6490  -1.5802   3.8126   1.4599  -4.0683   2.8485
  -4.5564  -4.9661  -4.8101  -0.1211   4.6926  -1.2202   3.4276  -1.9981  -0.8262   2.9619
  -0.6533   4.7271   2.7727   0.5101   2.4257  -3.5978   4.5756   2.0499   3.3424   0.4773
   0.4648   0.4427   4.9055   0.1270  -1.9312   2.7641   2.2877   0.1508  -3.7734  -4.6570
  -2.2889   2.3346  -2.6828  -2.4801   2.6913  -2.5446   2.7710   4.3573   4.4265   0.8566
  -3.9330   3.9319  -0.1280  -4.6025  -2.6786  -0.0279  -4.8705   3.4910   3.2221   2.4888
  -1.7148  -0.1140   1.5688   0.1316   2.3682   3.5746  -4.9931  -1.5054  -0.8262  -3.7547
   1.7325   2.8105   4.1968  -1.5946  -0.9690   4.2769   4.5381  -4.2995  -0.8446   2.6098
  -2.0862  -0.8664   2.0631  -1.1843  -4.3693  -4.2152  -2.5050  -3.6306  -1.7800  -3.5151
>b (rhs) data
  -11.9132
  -46.1746
    5.9769
   12.8635
   40.8917
  -19.7861
    0.4172
   49.9638
   18.2467
   15.3693
   40.6070
    2.7343
  -33.0997
  -38.4475
    1.8059
>c (costs vector) data
   4.1195
   3.1468
   0.2695
   4.9851
  -1.9551
   2.4657
   0.3872
   3.8523
   4.0262
  -4.9428
>x -- known optimal solution
   22.5357
  -31.7296
   31.9394
   46.6847
   12.7010
  -28.9922
  -50.5379
  -47.6203
   69.6789
   65.8437

# Optimal objective: -109.921
