# Randomly generated test case
# Case number: 16; Generated: Wed Dec 31 19:00:00 1969

# Parameters: n=10, m=25, a=10,b=100
>epsilon -- precision parameter
0.01
>A matrix data
   1.2321  -0.8462   1.7716   0.6584  -4.8310   0.2014   1.6427  -4.1015  -0.4606   4.5365
  -1.0321  -1.5035   1.4672  -0.5072   2.0171  -2.8216   2.3992   4.6096   2.3033  -0.8617
  -4.0536   2.7049  -4.8723   4.2128  -3.0346  -4.2715  -1.4372   1.4916  -3.2371   2.5807
  -3.3303   4.6797   4.7690  -4.6274  -3.4127   1.4930   3.0428   4.0416  -3.1390   1.2586
  -4.5411  -3.8881   1.0792   3.1800  -0.4267   2.1924   3.8131   1.4776  -2.1226   0.3455
   1.6419  -2.6260  -4.4334  -2.9968   0.5455   4.6691  -2.9509   4.4633  -3.5524   4.0250
   0.5265   2.9263  -0.9059  -0.4293   1.3863  -0.1894   4.6996  -2.1774  -2.3792  -2.4049
  -1.4510   2.9920  -2.3127   4.4715   3.4430  -2.5328   4.0944   4.1406   4.1371  -1.6193
   0.0360  -0.1774   0.8459  -4.9884  -4.3357   4.3727  -3.4587   0.2622  -0.8358  -4.9518
  -1.9423   3.1559  -2.7976  -2.9654  -3.2246  -4.2965   4.3679  -1.0753  -4.4123   2.0246
   3.6577   4.6843  -2.9779   2.5795  -4.3588  -0.6107  -3.2882   4.7957  -0.4033   4.6317
   1.3037  -1.9686   3.6638   4.9421   4.2690   2.0148   1.2086   3.5561   1.7001   2.0610
   0.8252  -4.2562  -0.4756   3.1239  -4.1231   1.3444  -4.8786  -4.7961  -2.6276   3.0625
   3.0168   3.6946   3.2438  -2.3055  -0.5650  -0.1833   2.9577   3.6306  -3.6171  -4.4314
   2.7270  -4.3454  -0.6528  -3.2394   4.0677   0.4568   3.6552   4.9985  -3.3336   0.7376
  -1.0000        0        0        0        0        0        0        0        0        0
        0  -1.0000        0        0        0        0        0        0        0        0
        0        0  -1.0000        0        0        0        0        0        0        0
        0        0        0  -1.0000        0        0        0        0        0        0
        0        0        0        0  -1.0000        0        0        0        0        0
        0        0        0        0        0  -1.0000        0        0        0        0
        0        0        0        0        0        0  -1.0000        0        0        0
        0        0        0        0        0        0        0  -1.0000        0        0
        0        0        0        0        0        0        0        0  -1.0000        0
        0        0        0        0        0        0        0        0        0  -1.0000
>b (rhs) data
    6.1246
    6.4216
    9.9431
   28.6685
   28.0102
  -44.5504
  -13.9914
    2.5409
   21.9551
   24.4853
   48.8741
  -36.9567
  -17.2005
  -20.0950
   45.5327
         0
         0
         0
         0
         0
         0
         0
         0
         0
         0
>c (costs vector) data
  -1.1885
  -2.4634
   0.4162
   0.9122
   3.8011
   2.9845
  -2.8387
   4.6690
  -2.2961
  -1.4244
>Status flag:
INFEASIBLE