# Randomly generated test case
# Case number: 11; Generated: Sun Nov 19 05:44:16 4461606

# Parameters: n=10, m=15, a=10,b=100
>epsilon -- precision parameter
0.01
>A matrix data
  -3.4230  -4.9516  -1.6399   1.8691   2.8926  -2.8211  -1.9924   1.4390   1.7655  -3.1536
   0.8117  -3.1358  -3.7041   3.4807  -0.2259  -2.8282  -0.3735   4.3141  -2.1504  -2.1786
   2.7473   3.7731  -1.0984   2.0101   2.6689  -3.6929   4.3180   2.1892  -1.2525   0.9304
   2.5112  -4.8962  -1.5100   1.0689  -0.1905  -3.3385  -2.3138  -0.0788  -4.3151  -4.8870
   1.1929  -2.3385  -1.8822  -1.4992  -4.8138   3.2799  -2.8080  -3.7605   3.0825  -1.8320
   2.3280   1.2887   2.1362  -3.6575   0.6397   0.9863  -2.5947  -3.6207   0.4171  -1.2670
  -3.5528  -1.9691  -4.8781   3.7960   1.0386  -3.1519   4.8424   3.2814  -1.1785  -3.6128
   2.5251   1.7408  -0.1066   3.5688  -2.1307  -3.0612  -4.4289  -0.8911  -4.2009   2.9802
  -2.7762  -0.0491   4.4648  -3.3403   0.7706  -0.1897   4.9286   0.6293  -1.8565  -3.2940
   1.3745  -3.8580  -4.1940   2.2490   1.5961   3.1758  -3.4416   2.0948  -2.5153   2.8151
  -4.3692   0.6595  -3.9213   4.7921  -1.9877  -2.2698   3.8390  -1.2470   0.7907  -1.3278
   2.2476  -3.4842   0.8268   2.5759   2.5949  -4.2063  -2.0594   0.4561   0.6912   3.2762
   1.5241  -1.5736  -1.5395   1.8084   4.9225  -3.7380  -3.8071  -4.5267  -0.3815   3.3205
  -4.9624  -0.7255  -3.6885   1.5433  -2.3028   0.1963   3.8001  -1.9111   3.6773  -3.1574
  -2.4162  -0.7834   1.0901  -3.6233   1.8629   2.8793  -4.1093   3.7782   3.8954   2.5805
>b (rhs) data
   -2.9828
   13.0044
  -13.1089
  -29.9849
  -43.8053
  -19.6599
  -12.4618
  -12.5189
   21.6112
   -4.0256
  -36.2437
   28.4357
  -40.3904
    7.2966
    5.9829
>c (costs vector) data
  -1.5943
  -4.5121
  -0.7775
   1.3612
   2.4185
   1.4956
   0.5073
  -0.3272
   3.7633
  -0.6918
>Status flag:
UNBOUNDED