# Randomly generated test case
# Case number: 3; Generated: Wed Dec 31 19:00:00 1969

# Parameters: n=10, m=15, a=10,b=100
>epsilon -- precision parameter
0.01
>A matrix data
   0.6530   4.3537   1.8567  -3.5971  -0.1936   3.6227   1.2029   2.8980   2.8793   1.2824
  -3.4200  -2.8583  -4.5160   4.3474   2.0500  -2.5026   4.9834   0.7758  -0.3468   4.4948
   3.1131  -1.9534   3.2161  -4.7661  -4.4205  -1.3084  -4.7289   0.0370   0.3232  -0.6702
   3.2876  -2.1968  -1.7634   1.6896  -1.2861   1.3504   3.4752   0.3637   3.2768   0.7696
   2.8439  -4.6931   3.5288   3.6021   3.8653   0.8349   1.0467  -2.4656   2.5809  -4.0118
  -1.0000        0        0        0        0        0        0        0        0        0
        0  -1.0000        0        0        0        0        0        0        0        0
        0        0  -1.0000        0        0        0        0        0        0        0
        0        0        0  -1.0000        0        0        0        0        0        0
        0        0        0        0  -1.0000        0        0        0        0        0
        0        0        0        0        0  -1.0000        0        0        0        0
        0        0        0        0        0        0  -1.0000        0        0        0
        0        0        0        0        0        0        0  -1.0000        0        0
        0        0        0        0        0        0        0        0  -1.0000        0
        0        0        0        0        0        0        0        0        0  -1.0000
>b (rhs) data
   -8.4993
    7.9380
   37.7215
  -11.0113
   26.4093
         0
         0
         0
         0
         0
         0
         0
         0
         0
         0
>c (costs vector) data
  -2.2163
   0.3987
  -0.9379
  -4.8747
  -1.8417
  -3.3498
  -0.6680
  -4.1576
  -2.8444
  -1.1963
>Status flag:
INFEASIBLE