# Randomly generated test case
# Case number: 3; Generated: Wed Dec 31 19:00:00 1969

# Parameters: n=10, m=25, a=10,b=100
>epsilon -- precision parameter
0.01
>A matrix data
  -0.3594  -0.8168   1.3724  -0.2703   1.5401   0.1758  -3.1719  -3.9169  -4.7640  -1.5483
   1.9488  -4.8946   3.5694   0.1235  -1.1920  -2.9557  -1.7252   1.2411  -2.9630   3.3516
   1.4496  -1.2780   2.3647   4.7816   0.4084  -1.2904  -4.1311  -1.3086  -2.3472  -4.7549
   0.4851  -1.9581  -3.4756  -1.5644   1.9492   1.0592  -3.5289  -2.1620  -4.3637  -2.5299
   1.1296  -2.0752   0.7782  -4.7415   4.2132   4.5443  -1.0985   1.2048  -4.9322  -1.7972
   4.2336  -0.2229   2.6241  -2.9717  -1.1422  -0.2501  -1.4208   3.9469  -0.8846  -1.2107
   1.6952   4.0537   0.1535  -1.7530   4.5623   1.7170   2.8963  -2.5653   3.0914   0.7590
  -4.4036  -0.2206   0.8705  -3.5828   0.0664   0.9402   0.0079  -4.5854   1.5629   4.0664
  -3.9834   3.5984   2.9255  -0.1017  -1.2120  -4.5997   3.0686   0.7536   4.8049   1.7772
  -2.7198  -1.1424   4.6233   2.8230  -0.7628  -2.8387   1.4437   0.9996  -0.7113  -4.2684
  -0.3122  -3.3829  -3.0167   0.4112  -2.0765   0.9321   4.6722   2.9305  -2.1356   2.0072
   3.0233   4.8457   3.8571  -3.7791   3.5309  -1.7030   0.8894   3.5115  -1.1035   4.2432
  -4.9620  -1.9973  -2.5627   0.8253  -2.7554  -4.8362   2.9002  -2.9299  -2.7834   1.7012
   0.9406   1.9552  -3.0077  -1.4057   2.4444   2.4816  -4.3195   4.0209  -4.9235  -4.9991
   1.2445   2.8837   0.0181  -3.9557  -1.8061   2.8363  -1.3150  -0.1843  -3.6418   0.4418
  -1.0000        0        0        0        0        0        0        0        0        0
        0  -1.0000        0        0        0        0        0        0        0        0
        0        0  -1.0000        0        0        0        0        0        0        0
        0        0        0  -1.0000        0        0        0        0        0        0
        0        0        0        0  -1.0000        0        0        0        0        0
        0        0        0        0        0  -1.0000        0        0        0        0
        0        0        0        0        0        0  -1.0000        0        0        0
        0        0        0        0        0        0        0  -1.0000        0        0
        0        0        0        0        0        0        0        0  -1.0000        0
        0        0        0        0        0        0        0        0        0  -1.0000
>b (rhs) data
   13.6533
  -28.1179
   44.4151
   39.5992
  -47.8625
   28.5819
   18.3383
   29.1596
   38.9741
  -11.9647
  -33.6089
   17.0266
   -8.7714
   16.3543
   40.4843
         0
         0
         0
         0
         0
         0
         0
         0
         0
         0
>c (costs vector) data
  -2.8409
  -2.1098
  -2.8131
  -1.9717
  -3.0612
  -4.8792
  -2.7177
   3.0641
  -3.9718
  -3.7074
>Status flag:
INFEASIBLE