# Randomly generated test case
# Case number: 18; Generated: Wed Dec 31 19:00:00 1969

# Parameters: n=10, m=15, a=10,b=100
>epsilon -- precision parameter
0.01
>A matrix data
   1.0630  -0.5355  -4.6842  -1.5709   1.3101  -3.9046   1.5809  -1.6381  -3.2376  -1.5007
  -2.2484   2.3787   1.1969   0.6928   0.5221   2.8431  -4.4838  -1.8351  -0.9937   3.6161
   4.8724   3.2223  -1.7477  -2.5625   1.5068  -1.0810   0.4903  -0.9361   0.9740   3.4011
  -2.0657   3.2494  -3.9308  -0.0254   3.1740  -2.8364  -3.4577   3.9303  -2.9664   0.6736
  -4.3826   1.6700   1.9169   2.4712  -2.7172  -1.1425   4.0341  -4.5490  -3.1559   0.8182
  -1.0000        0        0        0        0        0        0        0        0        0
        0  -1.0000        0        0        0        0        0        0        0        0
        0        0  -1.0000        0        0        0        0        0        0        0
        0        0        0  -1.0000        0        0        0        0        0        0
        0        0        0        0  -1.0000        0        0        0        0        0
        0        0        0        0        0  -1.0000        0        0        0        0
        0        0        0        0        0        0  -1.0000        0        0        0
        0        0        0        0        0        0        0  -1.0000        0        0
        0        0        0        0        0        0        0        0  -1.0000        0
        0        0        0        0        0        0        0        0        0  -1.0000
>b (rhs) data
   41.3243
   -4.4143
  -22.7050
   37.8198
   20.2190
         0
         0
         0
         0
         0
         0
         0
         0
         0
         0
>c (costs vector) data
   3.8463
  -2.9056
  -4.0325
  -0.7870
  -1.2241
  -3.7781
  -1.7201
  -0.8447
  -3.7085
   2.9858
>Status flag:
UNBOUNDED