# Randomly generated test case
# Case number: 34; Generated: Wed Dec 31 19:00:00 1969

# Parameters: n=10, m=15, a=10,b=100
>epsilon -- precision parameter
0.01
>A matrix data
   3.9693  -4.8187   3.3453  -0.2878  -2.2509  -4.4238   3.1756  -1.1887   2.1759   3.4997
   2.5690   0.1993   4.3182  -2.9608  -2.4403   1.0563   4.8459  -0.9461   1.2604  -2.5680
   0.0808  -3.1616   1.4873  -0.3633   1.2521   2.7493   3.0924   1.0825   0.3801   2.7747
  -3.8333  -2.1599   2.5003   2.4506   2.7354   1.1085  -3.6848  -3.5897   0.1811  -2.8531
   1.6784   3.7141  -3.7562   1.5321  -3.6937  -1.0717  -4.3085   0.1436  -1.2299   3.1853
  -0.9818  -4.8241   4.6600  -0.0405   2.5577  -4.2145   3.4094   0.7865   3.0088   0.8056
   3.7896   4.5914   3.9372   1.5290  -1.9690  -0.0636   3.9938  -1.1933  -0.0387   4.5736
  -4.6624  -1.6515  -4.2953  -1.2438   2.6380   3.7906   3.0580  -3.1597  -0.6610   0.4302
   1.9213   4.0577  -4.2455   2.7153  -0.5243   3.4140  -3.3700  -1.3366   4.5294  -2.2201
  -0.4317  -3.4704   4.0464  -3.3637   0.4098   4.5522   0.4537  -4.5537   3.0960  -0.3288
  -3.9833   0.0607  -4.9095  -1.2040  -3.6862   4.8180   0.3560   4.8246   2.2826  -0.4978
  -3.2920  -2.4102  -0.1758  -0.9713   1.7493   3.1021  -0.7005  -2.2324  -0.6043   2.0689
   1.8437  -2.8567   0.2548  -2.9273   3.7055  -1.1420  -1.0136  -2.6026  -1.9180  -1.6671
   2.5253  -4.5046  -3.9615  -0.1094   1.0578   4.9965   2.0914   3.9098  -2.4424   3.7903
   4.5327   1.2054   4.7632   0.3430   1.8044   2.2772   0.8299   0.9675   0.0829   3.4116
>b (rhs) data
  -13.4604
  -40.0297
  -31.7251
   33.2581
  -23.6906
  -10.6378
   24.5441
   37.3812
  -24.6132
  -36.2237
  -15.2793
   43.9672
   16.4093
   47.4045
   49.2904
>c (costs vector) data
  -3.8123
  -3.4804
  -4.4068
   0.2913
   2.3743
  -4.2791
   1.6386
  -1.5178
   3.5931
  -4.6624
>Status flag:
UNBOUNDED