# Randomly generated test case
# Case number: 38; Generated: Wed Dec 31 19:00:00 1969

# Parameters: n=10, m=20, a=10,b=100
>epsilon -- precision parameter
0.01
>A matrix data
  -4.0870   1.5856   3.9848  -1.5009   2.2409  -3.3567   4.0325  -1.8683  -1.5835  -1.0723
  -1.8939  -2.4150   4.6169   0.4624   1.3818   0.2776  -2.8719  -1.3141   1.2011  -3.7542
   1.2972  -1.6132   3.8142   4.8455  -0.8700   3.2079   2.5439  -1.3563   3.3805   1.2656
   3.6948  -3.9921   2.9948   0.6283  -4.4471   3.3002   0.8882   3.1058  -4.1385  -1.6903
   2.6081   1.9622  -4.6159  -4.2004  -4.6405  -0.3845   4.9645  -1.4837  -0.7070   4.5517
   0.8912  -3.1816   2.9615  -0.3546  -3.9191  -3.1871   4.2430   1.5855   3.5360  -1.8585
   2.5349  -0.8474   4.4904  -1.4479   4.0903   4.1316   0.8748  -2.2784  -4.8549   1.6207
  -2.0291  -3.5660   3.1696   4.2049   3.7823  -1.8951   0.9813   2.6265   0.9795   4.7746
   3.9808   3.5120  -4.6722  -4.0729   1.4211   4.0848   2.0465   4.1146  -0.3309   0.7040
   1.2112   0.8604   0.5487  -3.3469  -1.2790   1.4389  -4.5527   4.1315  -3.9862   0.8494
  -1.0000        0        0        0        0        0        0        0        0        0
        0  -1.0000        0        0        0        0        0        0        0        0
        0        0  -1.0000        0        0        0        0        0        0        0
        0        0        0  -1.0000        0        0        0        0        0        0
        0        0        0        0  -1.0000        0        0        0        0        0
        0        0        0        0        0  -1.0000        0        0        0        0
        0        0        0        0        0        0  -1.0000        0        0        0
        0        0        0        0        0        0        0  -1.0000        0        0
        0        0        0        0        0        0        0        0  -1.0000        0
        0        0        0        0        0        0        0        0        0  -1.0000
>b (rhs) data
   -5.9451
  -23.6462
  -38.0514
   -9.0443
   39.8901
   27.3142
  -24.1519
   -1.8161
  -22.7516
   49.1391
         0
         0
         0
         0
         0
         0
         0
         0
         0
         0
>c (costs vector) data
  -1.4284
  -0.0451
  -2.7920
   2.2650
   0.7765
   0.5345
   3.5194
   0.3974
  -3.4996
  -4.5560
>Status flag:
INFEASIBLE