# Randomly generated test case
# Case number: 20; Generated: Wed Dec 31 19:00:00 1969

# Parameters: n=10, m=25, a=10,b=100
>epsilon -- precision parameter
0.01
>A matrix data
  -1.6855  -1.2460  -3.4848  -0.6708   3.7842   1.5943  -0.2708  -1.1409  -3.7240   3.5050
  -2.4881  -1.1158  -3.5042  -4.1612   4.4056  -3.0277   1.4747   4.1821   3.5688   1.5052
  -0.8104  -2.9895  -3.5524  -0.1646  -3.2932  -0.2691   2.7306   4.8240   4.9725  -0.5746
   0.3156   2.7785   3.7798   2.9119  -0.1971   3.1137  -0.1702  -3.0330  -2.7074  -2.0081
   3.0497   1.0650   2.8703  -4.6798   1.4768  -1.0330  -4.2742  -2.7205   4.5492   2.5607
   4.0895   2.6594  -3.4169  -0.6789  -0.1267  -1.6959   0.2317   1.7362  -3.6818  -1.1315
   4.1606  -2.4925  -2.0211   2.4409  -2.6801  -2.1177   1.7120   4.1739   4.8157   4.3252
  -4.1116   3.2964  -2.0112   2.2441   1.2698  -3.4018   1.2824   4.7003  -2.6729  -4.7067
   2.0793   1.8131  -4.4698   1.4079  -4.4652  -1.4225  -4.2055   4.7915   3.5834   2.4818
  -3.4030  -2.0312  -2.6433   4.3019  -1.6297  -3.3707  -2.3221  -4.2971  -1.4278   2.1925
   4.2100  -2.7854   1.6077  -3.9703   3.3441   2.8063   1.9345  -0.5823   0.6697  -1.7106
  -0.2543  -0.8974  -2.5626  -2.5639  -4.8302  -0.0820  -1.4296  -4.1821   4.0182   4.7176
  -0.0239   2.1691   4.3324   0.5446  -4.6159  -2.3347   2.6253   0.7643   0.5711  -2.9463
   2.4918   1.7819  -1.1786   1.4833  -3.0928   1.8445  -0.1663   2.5502   2.2774  -4.4916
   4.4641  -2.6009   2.2260  -4.6848  -0.3355   4.6021   2.9164   4.6744   0.0426   3.2800
  -1.0000        0        0        0        0        0        0        0        0        0
        0  -1.0000        0        0        0        0        0        0        0        0
        0        0  -1.0000        0        0        0        0        0        0        0
        0        0        0  -1.0000        0        0        0        0        0        0
        0        0        0        0  -1.0000        0        0        0        0        0
        0        0        0        0        0  -1.0000        0        0        0        0
        0        0        0        0        0        0  -1.0000        0        0        0
        0        0        0        0        0        0        0  -1.0000        0        0
        0        0        0        0        0        0        0        0  -1.0000        0
        0        0        0        0        0        0        0        0        0  -1.0000
>b (rhs) data
  -19.0648
    6.8095
   48.9677
   -8.0218
  -30.0634
  -21.8200
   26.2108
   15.8626
    0.1693
   41.1690
  -18.1767
   17.3720
   46.5259
  -25.2773
  -47.0405
         0
         0
         0
         0
         0
         0
         0
         0
         0
         0
>c (costs vector) data
  -1.3530
  -2.8610
  -1.3400
  -0.8540
   1.6748
   3.5153
  -1.5304
   3.5660
   4.8684
   4.3284
>Status flag:
INFEASIBLE