# Randomly generated test case
# Case number: 48; Generated: Sun Nov 19 05:44:16 4461606

# Parameters: n=10, m=15, a=10,b=100
>epsilon -- precision parameter
0.01
>A matrix data
   3.1867  -1.8917   3.2028  -2.3445   3.3833   2.5113   1.6098  -3.8133  -2.8146   2.5318
  -0.7254  -3.9755  -0.0343  -2.3840   0.3009   4.8681   3.0055  -2.7113   3.1925   4.3363
  -1.0294  -3.9407  -3.6020  -1.4362  -0.4509  -3.4695  -3.6290   1.4595   1.0109  -2.5906
   0.7647   3.3109  -4.9690   1.0116  -4.3773   0.3694  -1.7688   3.8794   4.6451  -0.2106
   0.4646   2.0965  -4.3462  -1.0646  -2.9819   4.0588  -1.3072  -1.1944  -3.9999   2.6878
   3.6568   1.0450  -1.6779   1.6273   2.6940   2.1098  -2.9638  -3.5465   4.5476  -1.7450
   2.3910  -0.5447  -3.9629   1.6501  -0.8371   4.2568  -2.1981  -2.5521  -1.4165   0.2195
  -1.0707   1.0906   3.6510  -2.7510   4.0683   4.1898  -1.7213  -0.1812   0.1871  -3.3243
   1.3086   0.7294  -4.8909  -3.0719   2.3896   1.9282   2.9079   0.4236   0.5347  -2.6439
  -1.4521  -3.1385  -2.2996  -4.4635   4.6289  -4.8146  -1.6620  -1.1388   1.9250  -2.1078
   0.9048   4.5014   1.8452  -2.1571   4.5741   4.2257  -2.1686  -4.3575  -2.0953   0.0338
   4.8866   0.8524  -1.9007   1.5475   4.6810   0.2689  -2.0223   1.2482  -3.2393   2.9613
  -1.7128   2.3822   2.8119  -3.8856   0.1385  -0.5683  -1.2301   0.6444  -1.0442   4.8663
   3.9467   0.0751   0.8396   1.7438   2.5182   4.2100   0.1091  -4.1032  -2.0508   1.9401
   1.4772   1.3768   0.2976   2.3319  -3.5083  -4.6745   2.1675  -1.8312   0.5245  -4.2910
>b (rhs) data
  -39.9186
  -28.7572
   13.0761
   32.9689
   36.4612
    5.6979
  -32.0167
  -30.4302
   21.6082
   14.3636
    3.0646
  -44.7095
   34.9236
   25.4750
   10.4673
>c (costs vector) data
  -2.6660
  -4.3121
  -2.5731
   3.3726
  -1.9076
  -3.8884
   0.2284
   3.6968
  -1.2654
  -2.1550
>x -- known optimal solution
  -15.7948
   18.1712
   11.5815
   26.3689
   -6.8023
   10.6216
   11.4324
    6.2467
   -4.2884
    9.6614

# Optimal objective: 4.8701
