# Randomly generated test case
# Case number: 13; Generated: Wed Dec 31 19:00:00 1969

# Parameters: n=10, m=20, a=10,b=100
>epsilon -- precision parameter
0.01
>A matrix data
  -2.3088  -4.3647   3.9981   1.5434   0.9628   1.0494  -3.4753  -3.9203  -1.9912   0.2199
   1.1281   1.2087   3.5166   4.9654   3.3205  -4.5493  -4.2148  -2.6148  -1.3099  -0.0007
   4.8849  -1.3274  -4.2234   1.1753   0.8523  -3.5096   3.9047   0.6553  -4.3894   4.9187
   4.0293  -1.4540  -2.3780  -0.6967   4.6943   0.9312   4.4273   4.5218  -1.8745  -3.3787
   0.5011  -4.7123  -0.7318   3.9885   3.6455  -0.8380  -4.3819   0.3311  -1.1365   0.6088
   1.3126  -3.0865  -1.4389   1.1726  -3.5623  -2.3633  -0.5462  -0.9044  -0.8155  -1.3377
   2.4446   1.1415  -4.4479   4.8644   3.2888   3.1698   4.8717   0.7025   0.4217   2.2641
  -1.8011   4.9236  -3.0492   2.6452  -4.3613   4.9587  -4.5960   0.5075   0.1942  -3.6249
  -4.4465  -1.3268   4.8754   2.3060   1.7650  -4.3029  -1.8293  -3.8268  -3.7717  -4.7960
   2.7572  -2.6624  -3.2298  -0.2977  -3.1676   4.7436   2.6614   0.7310   0.3087   2.1668
  -1.0000        0        0        0        0        0        0        0        0        0
        0  -1.0000        0        0        0        0        0        0        0        0
        0        0  -1.0000        0        0        0        0        0        0        0
        0        0        0  -1.0000        0        0        0        0        0        0
        0        0        0        0  -1.0000        0        0        0        0        0
        0        0        0        0        0  -1.0000        0        0        0        0
        0        0        0        0        0        0  -1.0000        0        0        0
        0        0        0        0        0        0        0  -1.0000        0        0
        0        0        0        0        0        0        0        0  -1.0000        0
        0        0        0        0        0        0        0        0        0  -1.0000
>b (rhs) data
  -14.6184
  -29.7211
  -27.3667
  -21.7915
  -45.7544
   43.4292
  -33.5852
  -39.1266
   28.3832
   10.9529
         0
         0
         0
         0
         0
         0
         0
         0
         0
         0
>c (costs vector) data
  -1.9661
   2.1721
  -4.8719
   3.2733
  -0.1701
  -0.9757
   4.3557
  -3.4332
  -1.1479
  -1.9772
>Status flag:
UNBOUNDED