# Randomly generated test case
# Case number: 3; Generated: Sun Nov 19 05:44:16 4461606

# Parameters: n=10, m=15, a=10,b=100
>epsilon -- precision parameter
0.01
>A matrix data
  -3.3017   2.9471   2.5571   2.6501  -3.7990   2.2538   1.2954  -2.6413   4.5099   3.5602
  -0.4119  -0.8077  -4.1746   2.7471   3.6391  -3.6351   4.1050  -1.7168   1.3802   1.1580
   1.3623  -3.5590   0.5586   2.4584   4.9421   3.3949  -1.8677  -0.6110   1.9879   4.7100
   1.9645   3.7381  -2.2058   2.5647  -4.2084  -1.0499  -2.0154   4.1450  -4.1020  -2.6135
  -3.6846  -1.5023  -0.8514   2.7413  -0.4009   2.5526   1.3502   2.8860  -4.2059   4.8320
   4.8699   1.3309  -1.9860   2.7880  -0.8889  -3.7786  -3.4958  -0.3301   1.1869  -4.6857
  -4.3654   3.2221  -2.1457   3.6745   4.9916   3.1585   4.9146  -2.2145  -1.3137  -0.4228
   2.1301  -1.7876   3.4824   3.7026   1.6824  -2.2930  -4.4453   2.9197   2.6038  -3.3759
  -1.4195   2.1407   4.9888  -1.2651   0.8433   0.4134   2.5757   4.7852   3.3274  -3.1089
  -3.8591   4.0562  -1.8823   1.9009   2.8071  -4.1719  -3.9812   2.8311   4.7976  -0.4443
   2.5064   1.1144   4.3421   1.1412   2.8746   4.5902   2.7752  -1.5025  -0.3835   0.1436
  -0.4687  -0.9052  -4.6737   4.9778   4.9404   0.4572   0.1794   4.6246   0.4708   1.0623
   3.5586  -4.2471  -2.1014   1.6120  -4.3099   3.4158  -4.7874  -3.9204   4.1044   3.2254
  -4.7912  -1.9316   4.2642   4.9015  -3.6796   3.3465   4.8880   3.3192  -2.6016   4.5662
  -0.0002  -0.2137   1.6196   2.7762  -1.5321  -4.3011   1.9296  -2.9497  -4.8119   1.7350
>b (rhs) data
  -46.0117
  -42.5801
   18.1829
    5.5754
  -33.9405
  -36.2054
   37.4832
   12.9515
  -39.7514
   40.3206
    0.9809
   -7.1660
   16.6583
   36.5105
  -10.5284
>c (costs vector) data
  -1.2620
  -1.3821
  -3.7142
   2.1691
  -4.2364
   4.6373
   3.2633
   4.6323
   1.6068
   0.4675
>Status flag:
UNBOUNDED