# Randomly generated test case
# Case number: 36; Generated: Wed Dec 31 19:00:00 1969

# Parameters: n=10, m=10, a=10,b=100
>epsilon -- precision parameter
0.01
>A matrix data
  -3.0061  -2.1392  -0.4495   3.1667   1.9792   4.4625  -3.8679  -3.2370   3.1719   0.2290
   0.0563  -2.2858   1.9037  -2.2202   2.1114  -1.2315  -3.1055   0.0526  -3.5854  -1.1008
  -3.4835  -3.6869  -2.7051   1.7215   3.7120  -4.8692  -2.5320   4.5787  -4.2730   0.3010
  -0.1018  -3.6447   1.9779   3.0808   1.8692  -2.9777   0.1960  -3.0015  -4.2389   2.9754
   4.4574   0.6231   0.6323  -3.8111  -3.2428  -2.2504   2.2192  -3.1771  -3.6796   0.9366
  -3.3892   1.0087  -3.8396   1.8509   4.2222  -4.3972   4.9966   0.1155   4.2092  -0.7948
  -4.3638   2.1400  -1.0031   1.1581  -0.4337  -2.2447   0.1707   4.1949   2.4654  -2.2739
   4.3814  -0.9139   4.2334  -4.6315   1.3503   1.0873  -1.9363  -2.9327  -0.3484   1.8561
   4.5791   4.8421  -1.6044  -0.2053  -0.5453   4.1978  -4.3760  -1.9745   0.2164  -2.2764
  -4.7259  -3.3109  -0.9150  -1.5639   0.8868  -4.5982   2.9797  -0.0821   1.7917   3.8681
>b (rhs) data
   -3.2478
  -35.6382
   -8.8209
    1.6407
    8.7682
   -7.7790
   30.8428
   48.4097
  -49.0839
    5.6604
>c (costs vector) data
  -2.7728
   3.1423
  -2.5069
   4.7234
  -4.4335
  -3.8554
  -0.0108
  -1.5230
  -1.2677
  -1.5753
>Status flag:
UNBOUNDED