# Randomly generated test case
# Case number: 15; Generated: Wed Dec 31 19:00:00 1969

# Parameters: n=10, m=15, a=10,b=100
>epsilon -- precision parameter
0.01
>A matrix data
  -1.0152   0.4728  -3.9123   1.4575   2.7546   2.1572   1.3450  -4.8746  -2.9597  -3.3037
  -2.3409  -1.1949   2.4993  -1.6075   0.0534   1.7716   4.8046   3.2112   0.3789   2.5152
   1.3743  -2.1307   2.2980   3.2278   1.1319   3.9653   2.1096   3.6898  -2.2287  -2.4119
  -2.3478   0.4486   3.5348  -4.4740   3.1552  -3.1928   3.9697  -0.0071   3.0132  -1.4403
   0.2553  -2.9197  -2.2031   1.9465  -1.9737   3.9574   1.4265  -3.0809   4.2434   2.8236
  -1.0000        0        0        0        0        0        0        0        0        0
        0  -1.0000        0        0        0        0        0        0        0        0
        0        0  -1.0000        0        0        0        0        0        0        0
        0        0        0  -1.0000        0        0        0        0        0        0
        0        0        0        0  -1.0000        0        0        0        0        0
        0        0        0        0        0  -1.0000        0        0        0        0
        0        0        0        0        0        0  -1.0000        0        0        0
        0        0        0        0        0        0        0  -1.0000        0        0
        0        0        0        0        0        0        0        0  -1.0000        0
        0        0        0        0        0        0        0        0        0  -1.0000
>b (rhs) data
  -10.2759
  -23.2719
   40.9858
   44.5997
   15.3439
         0
         0
         0
         0
         0
         0
         0
         0
         0
         0
>c (costs vector) data
  -2.1085
   3.2522
  -2.8162
  -4.0956
   3.2214
   2.3736
  -3.6843
  -4.9531
   3.7366
  -2.6344
>Status flag:
UNBOUNDED