# Randomly generated test case
# Case number: 48; Generated: Wed Dec 31 19:00:00 1969

# Parameters: n=10, m=15, a=10,b=100
>epsilon -- precision parameter
0.01
>A matrix data
  -2.9243  -4.6688   1.3794   1.5695   4.0050   0.3908   1.6795  -4.6918   3.0491   3.9472
   3.8426   1.7793   3.0970  -4.8332   4.4543  -1.1471   1.8792  -4.3434   3.8588   1.9708
  -3.9777  -0.9532  -2.2799   4.2388  -3.3289   0.3558  -3.3662   2.9004  -1.4671   4.6272
   3.5859   2.0312   3.7128  -2.3156  -2.2015  -1.5694  -3.2862  -4.0233  -4.9252   2.2227
   1.6906   2.9037  -1.7577  -0.3143   1.2830   3.5103   4.8538  -2.5068  -1.3693  -0.2393
  -1.0000        0        0        0        0        0        0        0        0        0
        0  -1.0000        0        0        0        0        0        0        0        0
        0        0  -1.0000        0        0        0        0        0        0        0
        0        0        0  -1.0000        0        0        0        0        0        0
        0        0        0        0  -1.0000        0        0        0        0        0
        0        0        0        0        0  -1.0000        0        0        0        0
        0        0        0        0        0        0  -1.0000        0        0        0
        0        0        0        0        0        0        0  -1.0000        0        0
        0        0        0        0        0        0        0        0  -1.0000        0
        0        0        0        0        0        0        0        0        0  -1.0000
>b (rhs) data
   10.8162
   40.1363
  -17.0973
   13.4194
   23.9281
         0
         0
         0
         0
         0
         0
         0
         0
         0
         0
>c (costs vector) data
  -1.3736
  -2.0520
   4.6120
   1.7140
  -4.0730
  -4.0688
  -0.8329
  -3.8643
   0.2440
   3.2359
>Status flag:
UNBOUNDED