# Randomly generated test case
# Case number: 29; Generated: Sun Nov 19 05:44:16 4461606

# Parameters: n=10, m=15, a=10,b=100
>epsilon -- precision parameter
0.01
>A matrix data
  -2.0410   4.7308  -4.3622   3.8482  -0.4769   1.9933   1.3760   0.7927  -1.7822  -3.2155
   1.6293   2.8774   3.4255  -2.3086  -3.2631   3.5137   0.9233  -1.5181  -4.8924  -0.0997
   0.5841   4.1304  -3.8171   3.4133  -3.7111   4.2962  -3.2286   1.0091   3.8766   4.2610
   3.9696  -4.7414   3.0719  -4.9625   3.0522   2.3367  -4.2225   2.7270  -0.8812  -3.0261
   0.7103   3.2160   2.4746  -3.3233   0.8884   0.9062  -0.1743   4.8773  -1.8567   1.0071
   0.8021  -0.2633   1.6531  -1.0713   2.8761  -3.6659  -3.5579  -2.0536   1.4832   2.9833
   2.8611  -3.1017  -0.9405   0.0945   4.3849   0.9977  -3.1319  -3.7822   0.1121  -1.8448
   2.8996  -2.7613   3.9358  -3.1053  -0.8157   3.1928   0.4585   0.0744   0.3714  -4.1263
  -1.4030   0.3906  -3.1339  -3.6286   4.1512  -2.4746   2.0538  -3.0448   1.0967   3.8040
  -2.2476  -0.3367  -1.3981  -4.3766   2.6571   4.1763  -3.3283   0.9216   4.4422  -1.2178
   0.1338   4.4608   1.2140  -0.7077   3.8998   4.6026   2.6521  -3.6105   3.2823  -0.1925
  -1.3786   3.0968  -0.8474  -0.9513  -1.3803  -1.9636  -1.8685  -2.4880  -3.9585  -3.2552
   4.0448  -3.8383   1.7917  -0.6682   3.0926  -4.2887   3.5574   3.3927   3.2300   2.5108
   0.6180   3.1937   2.6101  -3.2358  -2.6102  -2.1975   3.3797  -3.6085   1.0176   0.3329
   1.4410  -4.3263   4.4348  -4.6764  -1.4572   1.8546  -1.2333   2.4480  -4.8339   1.4979
>b (rhs) data
   17.4872
   36.5430
   24.2579
   38.4956
   -0.4433
   39.7838
  -44.0704
  -26.6978
   17.5937
  -27.8893
  -25.5596
   16.4571
  -10.6104
  -33.6301
  -27.1826
>c (costs vector) data
  -4.1973
  -0.7604
   2.9867
  -4.5450
   1.4483
   4.3610
   0.2773
  -2.7835
  -0.1324
  -0.8778
>Status flag:
UNBOUNDED