# Randomly generated test case
# Case number: 42; Generated: Sun Nov 19 05:44:16 4461606

# Parameters: n=10, m=15, a=10,b=100
>epsilon -- precision parameter
0.01
>A matrix data
  -4.2192  -2.5206  -2.8256  -4.9349   4.3841   2.3670   0.9943   1.6569   4.8617   4.9681
   4.1878   3.9323   3.4872  -0.8653  -2.6820   2.9961   4.5894   3.0730   3.9118   3.3417
  -4.8769   3.7977   4.3156  -2.0987   0.1361   2.9189  -3.3351  -3.3778  -2.8520  -2.7580
   3.4731  -0.5008  -2.0964  -4.3552   1.3088   3.8199   3.6892   4.7275   3.2587   3.4203
  -2.0235   2.6768   0.9723   2.6137   2.5424   3.4320  -4.5503  -1.6412   0.2870  -0.2640
  -4.2796   4.3292  -1.2196  -0.7099   4.4234   1.4923  -4.1189   3.3359   1.0343  -1.7345
   2.1675   3.2152   1.4128   2.2995  -3.1791  -0.1660  -4.8366  -4.2208   1.2298   2.2807
  -3.7904   0.6836   4.8538  -0.8792   3.2763   1.6891   3.9099   0.2464   3.1214  -2.5838
  -3.4177  -1.5441   4.6289   2.2787  -0.1646  -0.6628   0.2276   2.7662   0.0403  -0.2674
  -4.4624   0.1874   2.7662   1.5472  -0.9306   1.7741  -2.2608  -3.3505  -1.1314  -0.4358
  -0.0951   4.1716   4.5281  -2.2513  -4.2667   1.9951  -3.5886   1.3699   2.0464   4.6236
  -3.9486   3.4475   2.7340   3.3285   1.9808  -4.3923  -4.7423  -1.5174   4.5746   2.0539
   0.5772   1.0496   2.0659  -3.8180  -2.3205  -3.8214   4.8324  -2.6872   1.3581  -3.9595
   0.4634  -4.1302   0.3368  -4.4942   1.4869  -0.5323   1.5524  -0.0301  -1.6852  -4.3733
   0.1203   3.6793  -2.3296   3.5947  -3.9920   0.1569  -2.0016  -1.8183  -1.0846  -2.0480
>b (rhs) data
  -31.8161
  -45.1738
  -42.2647
    2.5924
   27.2509
  -29.5215
   -6.9610
   43.5250
  -41.9527
  -42.3780
  -31.7414
   40.7588
  -42.8500
   -7.4066
  -31.5214
>c (costs vector) data
  -4.2437
   2.0778
   4.3564
  -3.9401
  -1.6699
   3.4692
  -4.8658
   0.5392
   3.4730
  -3.0780
>Status flag:
UNBOUNDED