# Randomly generated test case
# Case number: 23; Generated: Wed Dec 31 19:00:00 1969

# Parameters: n=10, m=25, a=10,b=100
>epsilon -- precision parameter
0.01
>A matrix data
   3.9254  -0.8535  -1.5421   4.4106   1.4276  -1.4757   3.7905  -4.2369   3.3784  -4.4286
  -1.6497  -2.3519   3.0490   2.9786  -2.8820   2.3202  -3.9084  -1.1684   3.0768  -0.2087
   1.6572  -0.8310  -0.5346  -1.0469   2.4419  -0.6919   2.3108   1.1369  -4.3439   0.6145
  -1.1936  -1.1358   0.1907  -0.1555   3.3973  -1.5033  -1.9761  -2.3791   3.2078  -1.4202
   4.2296  -4.5354  -4.7923   2.7075  -2.4594   4.4331   4.2285  -4.2886   2.5584   1.8618
  -4.1078   2.8857  -0.9166  -2.7448  -4.2604   4.4532  -2.2201   4.9340   4.7605  -3.8888
  -3.8995   2.5618   4.4140  -4.5887  -0.7840  -2.0559  -0.0549  -0.1982  -1.0273   2.5233
   4.0706   1.5363   2.3623  -2.1395   4.5333  -2.7818  -0.4953   1.8684  -4.4174  -1.2904
   1.5089   1.9910   1.1631   0.9059  -3.6274  -1.6726  -3.2629  -0.6968   0.1437  -0.5168
   2.3819   4.6087  -2.6858   3.0554  -0.8178   4.7310   0.5759   3.3661  -0.9780  -1.0316
   4.2211  -4.0220   3.6045   0.0448   4.7903   3.5925  -0.5623  -1.8004  -0.8605   0.4355
  -3.5523   1.5331  -2.2278   3.1944  -3.5166  -3.5088  -3.4189  -2.7472   1.1172   0.9188
   1.1730   4.8919  -0.8891  -3.3697  -2.5656  -3.6009   1.9573   0.1294   2.1563   0.7900
   2.1963  -2.1622  -1.6442   1.9513  -1.5300   3.3948  -2.6799   0.9254   1.7227  -4.9039
  -3.3122   3.7666  -1.8369   3.7675  -0.8377  -3.3200  -1.7770  -1.0959   0.4309  -4.7677
  -1.0000        0        0        0        0        0        0        0        0        0
        0  -1.0000        0        0        0        0        0        0        0        0
        0        0  -1.0000        0        0        0        0        0        0        0
        0        0        0  -1.0000        0        0        0        0        0        0
        0        0        0        0  -1.0000        0        0        0        0        0
        0        0        0        0        0  -1.0000        0        0        0        0
        0        0        0        0        0        0  -1.0000        0        0        0
        0        0        0        0        0        0        0  -1.0000        0        0
        0        0        0        0        0        0        0        0  -1.0000        0
        0        0        0        0        0        0        0        0        0  -1.0000
>b (rhs) data
   20.7316
    1.8717
   -6.7316
   33.3135
   22.5834
   32.3959
   45.8945
   31.8221
   42.1440
   11.3227
  -30.2877
  -31.7979
   39.2024
   -6.6357
   11.2212
         0
         0
         0
         0
         0
         0
         0
         0
         0
         0
>c (costs vector) data
   3.5158
   1.0958
  -0.0754
  -4.5583
   1.8149
   2.5310
   4.4708
   4.0328
  -4.1389
   0.7417
>Status flag:
INFEASIBLE