# Randomly generated test case
# Case number: 11; Generated: Wed Dec 31 19:00:00 1969

# Parameters: n=10, m=10, a=10,b=100
>epsilon -- precision parameter
0.01
>A matrix data
   0.0253  -2.2654  -3.1393   4.4588  -3.1313   0.4090   3.7398  -2.6128   3.3039  -3.3959
  -3.4003  -1.5984   3.8104   1.5318  -2.8744  -3.9449   0.4937  -4.9160   0.4402   3.6702
  -0.2605  -0.1440  -0.9331   1.3084  -3.5090   3.4994  -3.4947  -3.2654  -4.6136  -2.3547
   0.9666   1.2207  -0.3616   4.3949  -3.3060   1.3616   0.3350  -0.5622   3.1153  -3.3816
   2.7305   4.0163   3.6157  -2.2450  -0.0900  -3.8179  -3.7482   0.2396   2.1967  -4.6257
   3.2497  -1.0115  -2.7702   4.1040   1.8230  -3.6228  -2.6973  -2.8294  -4.6153   0.8956
   2.8916  -4.8346   2.4178  -1.1856   4.4773  -4.2400  -0.5660   2.4689  -3.0882  -0.7070
  -4.5122   0.4734   3.0573  -4.0606   2.4581  -0.4923   4.0909   2.1662  -3.1763  -4.1483
  -4.2962   1.5475  -0.6812  -1.3357  -4.1032  -3.0459   3.9140   3.3273  -0.7220  -1.0480
  -1.8123  -3.1431  -4.8741  -1.7310  -3.6851   3.4381  -4.6929  -3.0188   3.8146   4.7979
>b (rhs) data
   -1.7747
  -18.7720
  -35.5086
  -38.0152
   13.2563
  -38.8554
   26.0816
  -41.8698
  -44.9714
  -39.9855
>c (costs vector) data
  -0.5771
  -3.6996
   4.8793
   3.9877
   0.6510
  -3.9702
  -2.6528
  -3.2436
  -2.4194
   2.9638
>Status flag:
UNBOUNDED