# Randomly generated test case
# Case number: 2; Generated: Wed Dec 31 19:00:00 1969

# Parameters: n=10, m=25, a=10,b=100
>epsilon -- precision parameter
0.01
>A matrix data
  -0.7081   2.3342   2.6665  -2.9494  -2.6523   0.8505  -3.1123   4.5769   1.9927  -2.7542
  -0.3194   4.6654   2.1523  -0.9587  -4.2034  -0.0172   4.1992  -4.3273  -4.0399  -0.7363
   2.6694  -0.8937  -4.0508  -4.4725  -3.0989  -0.8118   2.7368   3.1093   1.6079   4.6720
  -2.4977   0.6959  -4.3597   1.6294   4.3866  -1.8181   4.3886   4.1711  -2.2115  -4.3431
   0.8534  -3.1808   3.6520   4.9960  -2.9716  -1.0126   4.4968   2.7514   0.0570  -1.3761
   4.7472   4.0292   4.3370   1.1320  -2.1742   0.6380   0.0377  -0.8085   3.3656   0.2969
  -1.7873  -0.8062   0.2411  -2.9162  -0.6571  -0.3246   2.4756   3.3087  -0.2361   1.1539
  -4.4605  -4.2711   1.3290   2.6762  -1.2143   1.7023  -2.8621  -2.2503   0.9395  -0.0587
   0.5987  -1.9167   3.1077  -0.7201   3.8818  -0.6754  -3.1686   4.1156  -2.9194  -1.3044
  -0.9557   2.7898   0.6333   2.7551   2.9389   0.5081  -0.1132   1.4965   2.3167  -2.6440
  -4.4878  -0.1930  -3.0238  -4.8950  -3.3056   2.6281  -0.8143   3.7510  -0.4320  -2.8585
  -2.2523  -3.2792  -3.3856  -1.0470   0.0672   3.0191  -3.6643   3.0920   0.4014  -0.6207
  -0.7165  -1.9904  -4.4523  -3.6273   0.1035   1.3954  -2.2283   3.8686  -2.3430  -4.5469
  -0.9179  -2.5522  -3.6877  -3.6903   3.9970  -4.5651  -0.0108  -2.5580  -0.3075  -4.2659
   2.9192   3.9178  -1.7359  -0.6511  -2.5643  -1.5441   4.2481  -4.2305   4.0135   3.8140
  -1.0000        0        0        0        0        0        0        0        0        0
        0  -1.0000        0        0        0        0        0        0        0        0
        0        0  -1.0000        0        0        0        0        0        0        0
        0        0        0  -1.0000        0        0        0        0        0        0
        0        0        0        0  -1.0000        0        0        0        0        0
        0        0        0        0        0  -1.0000        0        0        0        0
        0        0        0        0        0        0  -1.0000        0        0        0
        0        0        0        0        0        0        0  -1.0000        0        0
        0        0        0        0        0        0        0        0  -1.0000        0
        0        0        0        0        0        0        0        0        0  -1.0000
>b (rhs) data
    6.2152
   27.9492
  -20.6618
  -15.6881
  -16.9240
   13.9094
   28.8575
    8.0974
   16.1768
   49.5409
    2.7045
   15.9652
  -18.3888
   -8.8584
   37.6974
         0
         0
         0
         0
         0
         0
         0
         0
         0
         0
>c (costs vector) data
  -4.3045
  -0.0675
  -2.8197
  -1.8553
   4.1776
   1.1748
   3.6547
  -2.2997
  -0.2335
  -1.1033
>x -- known optimal solution
         0
    3.6367
    1.7689
   12.1971
   14.0698
    4.0353
         0
         0
         0
   19.5167

# Optimal objective: 14.1223
