# Randomly generated test case
# Case number: 39; Generated: Wed Dec 31 19:00:00 1969

# Parameters: n=10, m=10, a=10,b=100
>epsilon -- precision parameter
0.01
>A matrix data
   4.4805   2.0440  -1.8471   4.5254  -2.4106   2.2625   0.0231   1.3960  -0.4345   2.3736
  -2.1218  -1.9856  -1.5645   1.4214   2.2109   1.2052   4.2465  -4.3102   2.4125  -1.4069
  -4.8444  -0.6258   3.9567   4.7604  -0.6770   0.3359   1.2157  -0.5390   4.0764  -2.2925
   0.1564   1.6839   1.6183  -3.3264  -1.2530  -0.2198   0.9373   4.3407   1.0817   0.1869
  -3.3550  -3.0039   3.0615   0.4398   3.4253  -1.9807  -4.3654   4.8796  -3.2740   4.0302
   4.3201  -2.3012  -2.6316  -1.5304  -3.6560  -0.1591  -1.7943   4.6483   2.9109   4.1621
   1.7267   4.3321   2.8557   2.0446   0.9151  -4.0638  -1.6441   4.4877   3.7698  -4.4667
  -3.6202  -4.5125   1.0575   1.2054  -0.7281   2.4312  -4.9201  -3.9195   2.2647   3.9949
   1.2570  -3.5031  -4.3820  -3.1290   4.8978  -3.7706   2.2052  -3.4399  -2.8410  -0.2170
  -2.0831   4.6970  -2.1633  -2.5933   0.9633   2.8650   2.3051   3.2258   3.5824  -1.2295
>b (rhs) data
   37.5061
    6.9034
   15.0436
  -44.6104
   43.0606
   33.8888
   41.5434
   -7.0140
   49.4724
  -46.4149
>c (costs vector) data
  -0.9858
  -4.8144
  -3.8838
  -4.1785
   2.9669
   0.9999
   0.3798
   2.4329
  -0.2367
   4.0822
>Status flag:
UNBOUNDED