# Randomly generated test case
# Case number: 28; Generated: Wed Dec 31 19:00:00 1969

# Parameters: n=10, m=15, a=10,b=100
>epsilon -- precision parameter
0.01
>A matrix data
   1.0519  -4.4341   2.2923   4.1757  -3.9492  -3.3675  -3.5463  -1.0945   0.6985  -2.1816
  -4.9492   3.8264   3.6771   3.1117  -4.5887  -0.9591   4.8066   0.4231   1.4584   0.2529
  -0.4917   0.9787   0.2993   3.7268   4.8696   2.7452   4.1806  -2.2182  -1.7370  -0.8866
   4.0385  -3.7959   3.5072   1.2796  -3.7588  -2.7504  -1.8008   4.7720   2.3296   3.2587
   4.7439   4.7084  -1.0187   2.7460  -4.2555  -2.0006  -3.1449   2.3293   3.3706  -3.0868
  -1.0000        0        0        0        0        0        0        0        0        0
        0  -1.0000        0        0        0        0        0        0        0        0
        0        0  -1.0000        0        0        0        0        0        0        0
        0        0        0  -1.0000        0        0        0        0        0        0
        0        0        0        0  -1.0000        0        0        0        0        0
        0        0        0        0        0  -1.0000        0        0        0        0
        0        0        0        0        0        0  -1.0000        0        0        0
        0        0        0        0        0        0        0  -1.0000        0        0
        0        0        0        0        0        0        0        0  -1.0000        0
        0        0        0        0        0        0        0        0        0  -1.0000
>b (rhs) data
   28.5499
   -2.5642
    0.2477
    7.5918
  -11.8287
         0
         0
         0
         0
         0
         0
         0
         0
         0
         0
>c (costs vector) data
  -0.4935
  -3.1084
  -1.5709
  -0.8587
  -0.6430
  -2.5320
  -2.1212
  -1.1771
  -1.9528
   2.2420
>Status flag:
INFEASIBLE