# Randomly generated test case
# Case number: 49; Generated: Wed Dec 31 19:00:00 1969

# Parameters: n=10, m=25, a=10,b=100
>epsilon -- precision parameter
0.01
>A matrix data
   0.3034   0.4960  -3.6079   4.9096  -2.9024  -0.6052  -1.0238  -0.0915   3.3154  -2.2394
   4.9338   4.3819  -0.5965   2.7940  -2.3749   1.9882   3.9542   3.2207   0.6953   3.2834
  -3.1554  -3.1882   2.3202  -3.2553  -4.2789  -2.0757   3.4666   2.6312   3.3410  -0.5921
  -4.0598   4.1197  -1.5357  -2.2542  -3.8852  -1.0374  -1.1920  -1.9044  -0.2707   2.3791
  -3.1552  -0.1816   4.3084  -2.2377  -1.6510  -0.4448  -1.6601  -3.6091   2.8929  -4.5458
   1.2889  -0.8156   2.0791  -4.6843   3.2892   3.2436  -0.2548  -4.8891   1.1100  -0.1290
   2.1675   4.1217  -2.9089  -2.0137   2.0530  -4.8150   0.8400  -2.9808  -2.7242   3.4482
   3.4722  -0.0839   1.4552   3.4807  -3.0611  -4.1541   3.1383  -2.3709  -0.9866  -0.3927
  -4.2721   1.7912   4.8886   1.8794  -3.9430   3.8110  -2.0994   3.6700  -3.3194  -3.8610
  -1.5191   3.8693  -1.5126   0.4419  -2.3645  -1.0968  -3.6102   4.1717   1.1126  -4.6910
  -3.0231  -3.4695  -1.0330  -3.9788   1.9467  -0.5653   1.4105  -3.2372  -1.5523   1.5763
   1.5832   0.7364   3.9662   4.1466   2.2189  -1.9636  -3.3699   1.3736  -2.5633  -2.6390
  -3.8755   2.1963  -2.0847   1.5182  -4.9169   1.6277  -1.2977  -2.5907   0.0618  -1.6896
  -2.8648   4.3486   2.5378   1.8741  -4.4245   3.4745   3.4474  -1.5875   3.1163  -0.9035
   2.3349  -2.7877  -2.0787  -3.0411  -1.5945   2.0167   2.4415   0.8864   3.2873  -1.2442
  -1.0000        0        0        0        0        0        0        0        0        0
        0  -1.0000        0        0        0        0        0        0        0        0
        0        0  -1.0000        0        0        0        0        0        0        0
        0        0        0  -1.0000        0        0        0        0        0        0
        0        0        0        0  -1.0000        0        0        0        0        0
        0        0        0        0        0  -1.0000        0        0        0        0
        0        0        0        0        0        0  -1.0000        0        0        0
        0        0        0        0        0        0        0  -1.0000        0        0
        0        0        0        0        0        0        0        0  -1.0000        0
        0        0        0        0        0        0        0        0        0  -1.0000
>b (rhs) data
   38.2376
   16.8628
  -38.5503
  -17.9849
   16.1069
   41.2791
  -16.8023
  -19.6772
  -49.3623
   17.5939
    2.0540
  -17.0431
   -8.4872
    5.3311
   39.7609
         0
         0
         0
         0
         0
         0
         0
         0
         0
         0
>c (costs vector) data
  -3.0203
   2.0845
  -4.1268
   0.2560
  -1.4722
   4.7221
  -3.2968
  -0.5748
   1.1888
  -4.3388
>Status flag:
INFEASIBLE