# Randomly generated test case
# Case number: 16; Generated: Wed Dec 31 19:00:00 1969

# Parameters: n=10, m=15, a=10,b=100
>epsilon -- precision parameter
0.01
>A matrix data
   3.2847   1.7906   4.9434  -1.7849   3.2843  -1.8148   0.6737   4.0408   0.3668  -1.5480
   3.2526  -0.5902  -4.7736   2.9411  -0.3444  -0.6687  -4.7948   1.4755   4.0270   1.8763
  -2.0212   3.5648  -0.8355  -3.7635   4.1536   0.0255   4.1721  -2.9010   2.7231  -0.8062
  -0.6741  -1.2737   1.4681   1.0529   1.1593  -2.4893  -1.8569  -1.2775   3.9320  -2.2445
  -1.2640  -4.6957  -0.2214  -2.4687  -1.8621  -0.1717   1.2602   2.2143  -0.5248  -2.7801
  -1.0000        0        0        0        0        0        0        0        0        0
        0  -1.0000        0        0        0        0        0        0        0        0
        0        0  -1.0000        0        0        0        0        0        0        0
        0        0        0  -1.0000        0        0        0        0        0        0
        0        0        0        0  -1.0000        0        0        0        0        0
        0        0        0        0        0  -1.0000        0        0        0        0
        0        0        0        0        0        0  -1.0000        0        0        0
        0        0        0        0        0        0        0  -1.0000        0        0
        0        0        0        0        0        0        0        0  -1.0000        0
        0        0        0        0        0        0        0        0        0  -1.0000
>b (rhs) data
   19.6959
  -27.6573
    0.5159
    3.9989
   40.6220
         0
         0
         0
         0
         0
         0
         0
         0
         0
         0
>c (costs vector) data
  -4.6592
  -1.9384
   4.6640
   2.5382
  -2.6494
   4.1513
  -0.6515
   4.6513
   2.2017
   0.7619
>Status flag:
UNBOUNDED