# Randomly generated test case
# Case number: 25; Generated: Wed Dec 31 19:00:00 1969

# Parameters: n=10, m=20, a=10,b=100
>epsilon -- precision parameter
0.01
>A matrix data
  -2.5325   4.0814  -1.7633   3.8840  -0.2284   3.7199  -3.4587   1.7629   2.6097   3.0321
   2.0298  -1.3244  -0.8293   1.0047  -3.7283   0.8020  -1.9291   1.1018  -3.6338  -4.0656
  -2.0687   2.8961  -3.2923   0.4586   3.0183  -4.9896  -1.6342   3.7541   3.1133  -4.9161
   2.5836   2.4327   4.2097   3.6116   4.9658   4.0817  -3.9988   0.4473  -3.7171   2.9174
  -4.9851   2.5737  -4.7433  -4.8879   0.6136  -1.6614   3.8713  -3.5279  -0.9351  -1.2157
  -3.1872  -3.2150  -2.8393   3.0114   2.7578  -2.8649  -4.4506  -3.7682   0.3495  -1.6840
  -3.3015   1.4421   4.5315  -0.7065  -2.2729  -0.6064   3.1603   4.5159   3.3657   3.6896
   1.6441  -2.6851   2.1806   3.4414  -1.8834   4.7457  -3.8189  -3.4300  -1.0274   4.8063
   4.2880   4.2638   2.9623  -4.8110   0.9643   2.3139  -3.9051  -1.8023  -0.9397   3.6365
   4.6653   4.4378   2.2176   1.8254   3.0416  -4.1850  -3.6672  -1.2055  -2.0801   3.3537
  -1.0000        0        0        0        0        0        0        0        0        0
        0  -1.0000        0        0        0        0        0        0        0        0
        0        0  -1.0000        0        0        0        0        0        0        0
        0        0        0  -1.0000        0        0        0        0        0        0
        0        0        0        0  -1.0000        0        0        0        0        0
        0        0        0        0        0  -1.0000        0        0        0        0
        0        0        0        0        0        0  -1.0000        0        0        0
        0        0        0        0        0        0        0  -1.0000        0        0
        0        0        0        0        0        0        0        0  -1.0000        0
        0        0        0        0        0        0        0        0        0  -1.0000
>b (rhs) data
   30.8083
   21.2344
  -44.1974
   40.6689
  -15.8418
  -20.8858
  -23.3093
    9.6448
    7.2938
   46.4584
         0
         0
         0
         0
         0
         0
         0
         0
         0
         0
>c (costs vector) data
   4.2350
   3.5443
   2.0557
   4.3310
  -2.6762
   1.5539
  -4.1895
   0.4181
   3.3029
  -1.5405
>Status flag:
UNBOUNDED