# Randomly generated test case
# Case number: 29; Generated: Wed Dec 31 19:00:00 1969

# Parameters: n=10, m=25, a=10,b=100
>epsilon -- precision parameter
0.01
>A matrix data
   2.1831  -3.4573  -1.3196   1.0415   2.9393   3.6811   1.3160  -2.2749   1.4163  -0.0895
   1.2450   2.7874   0.2825   4.4401  -4.1682   4.7548   2.3142  -2.9201   0.6756   2.6642
  -3.1881   4.2168   1.5753   3.4651  -1.5052   0.1373  -1.8632   1.9446  -2.8652   1.9334
   0.8354  -1.0193   0.9794   0.7674  -1.4598  -1.1487  -3.2285   4.4842  -3.3217   0.5984
  -1.6852  -0.7795   2.3651  -3.9895  -0.7635  -0.5903  -4.3085  -1.4452   0.5857   1.5462
  -4.5116   3.8906   0.3508  -4.9393  -2.0167  -4.2693  -1.4402   2.6619   1.2207  -3.9564
   2.7786  -2.4051   4.3267  -1.6243  -2.0970  -4.2633  -1.0828  -3.6275   3.8654  -4.7721
   2.7339  -2.1291   1.0259  -0.1429   1.3981  -1.6863   3.8835   3.3886  -2.3672   3.5221
  -2.0227  -4.4261   4.6645  -0.7204   1.9927   4.2152  -4.4944   4.7807  -2.8437   2.9100
   3.2338   1.7338  -4.8002  -3.2079  -0.6520  -2.0909  -0.8674   3.9226   3.7657  -4.3387
   4.4587  -1.8844   1.6696   3.4160  -2.2681   2.1236   3.8081  -0.8427   4.6600   4.5061
   0.6507   0.8516  -0.4145   3.3315   1.9348  -0.0036   1.1537   2.2694  -4.9310  -4.9367
  -1.8532  -3.0622  -3.2141   0.0113  -0.5864   4.1610  -1.2781   4.4720  -0.2792   3.3115
  -3.7179  -4.6662  -1.2403  -4.9912  -3.3728  -0.7414  -1.3634  -1.7494   2.8753   3.6619
   1.9588   2.6724   2.0967  -2.0652   3.6199   2.9303   3.0754  -0.1333  -3.5952  -1.1388
  -1.0000        0        0        0        0        0        0        0        0        0
        0  -1.0000        0        0        0        0        0        0        0        0
        0        0  -1.0000        0        0        0        0        0        0        0
        0        0        0  -1.0000        0        0        0        0        0        0
        0        0        0        0  -1.0000        0        0        0        0        0
        0        0        0        0        0  -1.0000        0        0        0        0
        0        0        0        0        0        0  -1.0000        0        0        0
        0        0        0        0        0        0        0  -1.0000        0        0
        0        0        0        0        0        0        0        0  -1.0000        0
        0        0        0        0        0        0        0        0        0  -1.0000
>b (rhs) data
   -4.1405
   25.7069
   11.6655
  -25.5320
  -47.3367
   36.5144
   48.5998
    4.0148
   34.4511
    7.9023
   20.2494
    3.7897
   -9.0219
  -18.0946
  -31.6342
         0
         0
         0
         0
         0
         0
         0
         0
         0
         0
>c (costs vector) data
   1.4761
  -0.6407
   4.0475
   0.2285
   3.6755
  -3.3091
  -1.8725
   4.0271
  -3.5561
   4.8806
>Status flag:
INFEASIBLE