# Randomly generated test case
# Case number: 3; Generated: Wed Dec 31 19:00:00 1969

# Parameters: n=10, m=15, a=10,b=100
>epsilon -- precision parameter
0.01
>A matrix data
  -0.9945   0.6567   0.0303  -3.0753  -1.4735  -2.5690   2.1616   0.1639   1.7712  -1.8115
  -2.1650  -4.5725   3.0809  -0.6707  -0.3789   4.4511  -0.1461   2.1750   1.7605  -2.6010
   4.3611   0.8757  -0.7869  -4.2153  -2.1208   2.7789   3.7631  -1.3744  -1.8862   0.8656
   4.8407  -3.9692   1.6028   1.4066  -3.9027  -4.4827   4.2458  -2.3922  -4.4577  -3.3190
  -1.7258  -1.9678  -4.2937   4.4470   1.0467  -0.0879   3.8890  -1.2026  -0.5145  -3.2636
   2.3618   1.2025  -0.8441   2.5876   1.1385   2.6484   4.1963  -3.9959  -1.9859   4.2463
   1.0343  -0.7783   2.6712  -2.2365   2.5600  -1.5988   2.1931  -0.6354   4.9226   2.3020
   4.1342   0.4257   1.8249   1.1546  -3.8714  -3.0109  -0.3424   2.7700   2.5985  -1.5268
   3.7511  -2.0442  -4.4983   1.5426   3.3960  -1.1677  -2.0915  -3.8057  -3.7691  -1.8084
  -3.6155   3.4437   0.6003  -3.6141   1.5719   3.4965   2.8790   2.0426   1.6179   4.8650
   3.6437   4.2536   1.6308  -1.2429   0.3552  -2.7481  -1.8149   1.8272  -4.2679  -2.0988
   0.6444   0.2080  -2.4124   0.0820  -0.3579   2.3228  -2.6331  -4.7696   4.2855   0.8932
  -0.6007   3.9308   2.8985  -0.6734   4.7052  -3.1225   4.2212  -0.6775  -3.0970  -2.5564
  -4.2294   4.2452  -0.3076  -3.0922   4.6932  -3.3664   4.5186   3.3168  -3.0878  -4.6177
  -0.0677   2.4554  -0.4990  -3.4025   2.3503   3.5883  -3.2916  -4.0389   3.5965   3.9755
>b (rhs) data
   -0.8635
  -28.2196
  -34.5808
  -19.8286
  -36.0527
  -24.5319
   17.0994
   27.0762
  -26.5004
  -26.9436
   -7.0406
   36.5344
   -6.0961
    6.7773
  -29.3701
>c (costs vector) data
   3.0311
   0.4533
   3.8289
  -2.9172
   2.4772
   0.1153
   1.0107
   0.9229
  -2.4825
  -1.0077
>Status flag:
UNBOUNDED