# Randomly generated test case
# Case number: 34; Generated: Wed Dec 31 19:00:00 1969

# Parameters: n=10, m=25, a=10,b=100
>epsilon -- precision parameter
0.01
>A matrix data
  -0.2813   1.5134   4.0529   3.1819  -4.9110   3.3859   4.1701   1.2197  -3.7259  -2.4600
  -4.4997  -0.3454   3.7468   4.5714   1.6466  -1.6801  -3.8787   2.1675  -2.6814  -0.5685
   1.8727   0.5326  -2.0415  -3.1164   4.2304  -3.6853   0.5580  -4.8140   4.8583  -0.2690
   3.7316   1.5453  -0.3827   3.7549   2.5356   4.2745   0.0867   2.0216  -1.5550  -3.2941
   0.8987  -2.2919  -1.9335   1.7103  -1.2505  -3.7540  -4.2046  -3.5418  -4.9336   4.8643
   4.9136   2.5754  -1.9659   0.0353  -3.7814   1.8636   1.7808   1.9428   2.8844   4.3845
   3.3774   2.5102   0.3464   1.8094  -3.4338   3.9596  -4.7284   2.6572   2.0923  -1.4853
   4.2702   3.0621  -1.7499   2.0895  -0.0003   1.0064   3.3143  -3.7343  -1.7754  -3.8854
   2.2174  -3.5222   0.6198  -4.7353  -0.5468  -0.7489  -0.1166  -0.5094   0.8654   0.7768
  -1.9934  -2.7480  -0.2583   1.3152  -1.3790  -4.7644  -0.5839  -2.3491  -0.3598  -1.0775
  -1.3541   1.2689   3.0971  -4.3643  -3.9010   2.1939   3.0177   4.5353  -1.8357  -4.9645
  -0.4053  -1.1706  -0.5299  -1.6340  -3.4216  -1.9837   2.4462   0.7832  -0.2408   2.1278
  -1.0401  -3.7477  -1.5438   0.5256   1.9479  -2.1424  -4.9822  -4.7011   3.6136   1.1936
  -3.7126   0.6779  -1.6745  -0.6742  -1.3088  -2.6472   3.4782   2.8325  -2.3670  -3.4080
  -1.4885  -1.4333  -3.1039  -0.2770  -2.6654   2.7347  -0.1630   0.0743  -3.7986  -1.3160
  -1.0000        0        0        0        0        0        0        0        0        0
        0  -1.0000        0        0        0        0        0        0        0        0
        0        0  -1.0000        0        0        0        0        0        0        0
        0        0        0  -1.0000        0        0        0        0        0        0
        0        0        0        0  -1.0000        0        0        0        0        0
        0        0        0        0        0  -1.0000        0        0        0        0
        0        0        0        0        0        0  -1.0000        0        0        0
        0        0        0        0        0        0        0  -1.0000        0        0
        0        0        0        0        0        0        0        0  -1.0000        0
        0        0        0        0        0        0        0        0        0  -1.0000
>b (rhs) data
   47.7289
  -36.9691
  -31.6089
    5.7404
  -36.8790
  -21.3252
   -3.4125
  -15.0337
   39.3200
   48.4363
   47.7356
  -39.1594
   -8.8118
   -9.1923
  -16.1293
         0
         0
         0
         0
         0
         0
         0
         0
         0
         0
>c (costs vector) data
  -4.0779
  -3.0494
  -1.8207
  -1.3464
  -3.1354
   0.5194
  -2.8760
   0.5798
  -3.4688
  -3.6986
>Status flag:
INFEASIBLE