# Randomly generated test case
# Case number: 48; Generated: Wed Dec 31 19:00:00 1969

# Parameters: n=10, m=20, a=10,b=100
>epsilon -- precision parameter
0.01
>A matrix data
   2.6841  -4.2631  -4.5481   3.1911   0.8710  -0.0798  -2.5208  -3.3976   0.1635  -1.1900
  -0.2659  -1.6646   3.9902  -0.6962   1.3653   3.2003   4.0902  -1.1959   3.8366   4.9464
   0.0328  -4.6340  -2.5994  -0.2473   1.0072  -2.5056   3.1126   4.8383  -0.1379   3.1883
  -3.9911  -1.6469  -3.2580  -2.3816   4.9872  -4.9531   1.0270  -1.6079  -3.2956   2.7171
   0.6575  -3.7158   2.5361  -1.3422  -1.2282  -1.8048   2.3470  -2.0548  -3.1251  -1.9974
  -3.8893  -0.7585  -1.8397   2.9178  -1.8200  -4.9001  -1.8197   4.6642   2.3688  -4.5020
   0.4574   0.7296  -1.6188  -3.9583   0.8555  -3.7614  -2.0622   0.2078  -4.5945   1.0621
   2.1200   1.7124  -4.4955  -1.2311  -2.9706  -3.7485  -2.7427  -0.9668  -1.8890  -1.8057
  -2.5851   0.0018   3.0305   4.7825  -1.6613  -3.8460   3.9562  -0.8520  -0.9046  -3.7165
  -0.8794   0.2440   1.0600  -4.1946   4.7287   3.4034   1.7727   0.0765  -4.1843  -1.9087
  -1.0000        0        0        0        0        0        0        0        0        0
        0  -1.0000        0        0        0        0        0        0        0        0
        0        0  -1.0000        0        0        0        0        0        0        0
        0        0        0  -1.0000        0        0        0        0        0        0
        0        0        0        0  -1.0000        0        0        0        0        0
        0        0        0        0        0  -1.0000        0        0        0        0
        0        0        0        0        0        0  -1.0000        0        0        0
        0        0        0        0        0        0        0  -1.0000        0        0
        0        0        0        0        0        0        0        0  -1.0000        0
        0        0        0        0        0        0        0        0        0  -1.0000
>b (rhs) data
    9.2217
   44.7618
   27.7749
   39.5420
  -31.4995
   48.0909
  -26.1797
   -2.5327
   28.2192
    9.5447
         0
         0
         0
         0
         0
         0
         0
         0
         0
         0
>c (costs vector) data
  -3.2604
  -0.2578
   3.4156
  -2.9891
  -4.0551
   4.6135
   2.7151
  -4.6874
  -0.2193
   1.0391
>Status flag:
UNBOUNDED