# Randomly generated test case
# Case number: 4; Generated: Wed Dec 31 19:00:00 1969

# Parameters: n=10, m=15, a=10,b=100
>epsilon -- precision parameter
0.01
>A matrix data
  -2.7603  -3.8207  -2.7252   2.5127  -0.5471   3.0256   3.8054   4.9233   0.6032   1.2613
  -2.7249  -4.7837  -3.7305  -3.2515   1.6093   0.2410   2.5455   1.1586   0.4589  -0.4606
   2.5399  -0.1337  -3.4163   4.9814  -0.2535   4.9559   1.1568   3.0798  -1.6895  -1.7100
  -0.1711   2.4608   4.6687  -1.0433   1.8286   0.6266   1.5402  -0.8279   0.8855  -3.2815
  -0.4515   0.4741   1.6922   4.7452   3.1917   3.8745  -0.8428   4.8618  -4.5592   3.7892
  -1.0000        0        0        0        0        0        0        0        0        0
        0  -1.0000        0        0        0        0        0        0        0        0
        0        0  -1.0000        0        0        0        0        0        0        0
        0        0        0  -1.0000        0        0        0        0        0        0
        0        0        0        0  -1.0000        0        0        0        0        0
        0        0        0        0        0  -1.0000        0        0        0        0
        0        0        0        0        0        0  -1.0000        0        0        0
        0        0        0        0        0        0        0  -1.0000        0        0
        0        0        0        0        0        0        0        0  -1.0000        0
        0        0        0        0        0        0        0        0        0  -1.0000
>b (rhs) data
    2.0119
  -15.1026
    5.9640
   -9.3652
  -36.1313
         0
         0
         0
         0
         0
         0
         0
         0
         0
         0
>c (costs vector) data
   3.9643
  -0.7771
  -4.9863
  -2.7069
   0.2123
  -3.3419
   1.5618
  -2.7356
   3.0305
  -3.8907
>Status flag:
UNBOUNDED