# Randomly generated test case
# Case number: 26; Generated: Wed Dec 31 19:00:00 1969

# Parameters: n=10, m=20, a=10,b=100
>epsilon -- precision parameter
0.01
>A matrix data
   0.3030  -3.8008  -1.0739   3.1327   2.4389  -1.7831   2.3539   3.2813   2.7332   0.9317
   4.7549  -2.3632  -3.6072  -0.7853  -1.8685  -1.2681  -3.1634  -3.4466   0.1995  -3.3146
  -4.3364   1.8986  -4.5804  -2.0720  -1.0014  -1.5625   3.1405  -3.8649   2.6967   2.4824
  -1.9544   4.9580  -0.9937  -3.5313   3.8529  -2.8520   2.1189  -4.8771   2.2898   1.0936
  -2.1447  -0.9652   3.3415  -2.9872  -0.3802   0.1073  -0.8949   4.2491   0.4535   3.3549
   3.5964  -4.1860   2.6565   4.7568  -3.3368   4.6934  -3.3260  -4.9573  -4.2591   3.4939
  -0.7252  -0.5599  -0.8986   3.0515   1.7041  -4.4308   2.3987   1.5023   1.7399  -0.1891
  -0.9179   0.9610  -2.2912   2.6058  -4.8771   4.0841   0.4259  -0.1248  -2.6208   2.6593
   0.1150   4.5961   2.6902   0.7507   3.5854  -4.9585   3.6570   1.2512  -4.1388   2.6308
   3.3648   0.6345  -1.9161   1.4837  -4.5452  -3.9363   4.4568   1.5158  -2.8947  -1.8191
  -1.0000        0        0        0        0        0        0        0        0        0
        0  -1.0000        0        0        0        0        0        0        0        0
        0        0  -1.0000        0        0        0        0        0        0        0
        0        0        0  -1.0000        0        0        0        0        0        0
        0        0        0        0  -1.0000        0        0        0        0        0
        0        0        0        0        0  -1.0000        0        0        0        0
        0        0        0        0        0        0  -1.0000        0        0        0
        0        0        0        0        0        0        0  -1.0000        0        0
        0        0        0        0        0        0        0        0  -1.0000        0
        0        0        0        0        0        0        0        0        0  -1.0000
>b (rhs) data
   -2.9801
    4.3156
   39.5933
  -41.4813
   16.1582
   46.3982
    1.2047
  -47.4747
   -7.8670
   25.0548
         0
         0
         0
         0
         0
         0
         0
         0
         0
         0
>c (costs vector) data
  -4.7154
   0.1499
  -4.8801
   4.8763
  -4.8140
  -4.7210
   0.7807
   3.1271
  -1.8090
  -2.7637
>Status flag:
UNBOUNDED