# Randomly generated test case
# Case number: 6; Generated: Wed Dec 31 19:00:00 1969

# Parameters: n=10, m=15, a=10,b=100
>epsilon -- precision parameter
0.01
>A matrix data
   4.8987  -1.6957   0.2440   3.4770  -0.8702  -3.8179   3.0800  -4.6108   0.9387  -2.7275
  -0.5747  -2.6135  -1.5241  -0.0791  -0.0249   3.6261  -1.1645  -3.8005  -3.4184  -4.3394
   1.8997   0.1397  -3.7162   4.0520  -1.2329  -0.9320   4.8986  -2.1389  -1.9097  -0.3293
  -3.4408   4.8879  -3.0657  -0.8788  -1.2470  -2.3159   0.7394   2.6001   1.7991   1.7614
   0.1972   2.5032   2.1525   2.7962   1.7088   3.8350  -2.9740   1.2467  -2.6210  -4.7290
  -1.0000        0        0        0        0        0        0        0        0        0
        0  -1.0000        0        0        0        0        0        0        0        0
        0        0  -1.0000        0        0        0        0        0        0        0
        0        0        0  -1.0000        0        0        0        0        0        0
        0        0        0        0  -1.0000        0        0        0        0        0
        0        0        0        0        0  -1.0000        0        0        0        0
        0        0        0        0        0        0  -1.0000        0        0        0
        0        0        0        0        0        0        0  -1.0000        0        0
        0        0        0        0        0        0        0        0  -1.0000        0
        0        0        0        0        0        0        0        0        0  -1.0000
>b (rhs) data
  -28.5746
   23.5952
    6.6479
   34.2407
  -23.9282
         0
         0
         0
         0
         0
         0
         0
         0
         0
         0
>c (costs vector) data
   1.1543
  -1.4738
  -3.4872
  -0.4556
  -3.6584
   1.4634
   2.2617
   3.3652
   3.3432
   4.9959
>Status flag:
UNBOUNDED