# Randomly generated test case
# Case number: 6; Generated: Wed Dec 31 19:00:00 1969

# Parameters: n=10, m=25, a=10,b=100
>epsilon -- precision parameter
0.01
>A matrix data
  -2.0210  -1.9789   4.5297  -1.8792   2.9165   0.8999   0.4538   0.3863   0.4959   3.5078
   2.3071  -3.3182   0.8126  -2.3290  -4.7365  -4.5911   2.4990   3.7457  -3.1350   0.6342
   3.9664   2.8016  -1.1209  -1.0028  -3.8930  -4.0993   2.9460   3.0906  -3.4115  -3.4344
   3.6001  -3.7236   1.2841   1.0917   4.7805   1.7966  -1.8386  -3.8846   1.7488   3.7352
  -3.6922  -0.6516   1.0410   4.5245  -3.4885   2.4456   0.7772  -1.1847  -2.8886  -4.5401
  -0.1588  -3.7639   4.5923   4.2600  -3.4353   3.9550   0.1937   3.9477  -4.8404  -0.8906
   2.4756  -2.6633   4.3615  -2.0272   3.3945   2.8882  -2.2896   1.8578  -0.7616  -0.8474
   1.8512   0.1880   0.2362   2.8587  -3.6986  -3.8215   4.4718  -0.3219   0.6359  -0.6192
   2.8202   3.7557  -1.9591  -3.3084   2.1404   4.9759  -1.2553  -4.5947  -3.4684  -2.2683
  -2.2439  -3.1902  -3.9547  -1.2886  -2.0929   1.8939  -2.7469   1.1513   2.8023  -1.2580
  -2.6171   1.5972   4.4473   0.9372   0.2624   4.5736  -0.4333  -0.4488   0.6299  -4.3254
  -2.5428  -3.6562   4.0647  -1.3839   3.1060  -0.1372  -3.7799   4.1380  -2.3275  -4.5186
  -3.5927  -3.9493  -4.8227  -0.3566   3.1167   1.3459   3.8457  -2.8161   2.3021  -2.2182
  -1.7119  -1.4007  -1.5433   1.5882  -2.7452   4.7087   3.1261   2.6342  -2.6289   4.0371
  -0.7674  -2.0741   1.4429   2.3565   1.1185   3.9478   4.1131   2.9875  -0.6663  -0.7471
  -1.0000        0        0        0        0        0        0        0        0        0
        0  -1.0000        0        0        0        0        0        0        0        0
        0        0  -1.0000        0        0        0        0        0        0        0
        0        0        0  -1.0000        0        0        0        0        0        0
        0        0        0        0  -1.0000        0        0        0        0        0
        0        0        0        0        0  -1.0000        0        0        0        0
        0        0        0        0        0        0  -1.0000        0        0        0
        0        0        0        0        0        0        0  -1.0000        0        0
        0        0        0        0        0        0        0        0  -1.0000        0
        0        0        0        0        0        0        0        0        0  -1.0000
>b (rhs) data
   38.4855
   24.2591
   45.3265
  -20.5412
   15.3402
  -47.4187
   43.1811
  -33.9877
   47.2253
  -32.4360
   49.2639
   -6.4711
    0.9650
  -19.0288
    6.3839
         0
         0
         0
         0
         0
         0
         0
         0
         0
         0
>c (costs vector) data
  -0.3891
   4.1376
  -1.5554
  -0.7105
   0.6741
  -3.9342
   2.5129
   2.6501
  -4.2003
  -3.8482
>Status flag:
UNBOUNDED