# Randomly generated test case
# Case number: 45; Generated: Sun Nov 19 05:44:16 4461606

# Parameters: n=10, m=15, a=10,b=100
>epsilon -- precision parameter
0.01
>A matrix data
  -4.7862  -1.1408   0.6990  -3.3211   3.8840  -0.1666   1.3683  -0.4366   3.8147   4.2833
   4.6424   1.5218  -2.9391  -0.5231   2.0810   0.4158  -0.8124   4.8687  -3.4628  -1.2864
  -1.4476  -1.0135   4.5764   1.6155  -3.4701   0.5041  -2.3026   2.1656   0.5035   1.0384
  -3.6662   1.3105   2.3265  -2.9444   3.4881   2.4369  -2.2885   3.7666   4.1682   2.9631
  -2.6677  -0.7466  -1.6743   2.5900   0.6840  -0.6614   0.0875  -0.0162  -2.3390   2.4109
   1.1098  -0.3726  -0.4527   0.2172   1.8589   0.8581  -4.9430   0.7715  -3.7232  -1.6691
   1.5733  -0.1979  -3.3624   3.2176  -2.2289  -2.0979  -0.9601   0.2138  -1.5406  -4.1605
  -2.9355   3.3713  -4.7138   0.0773   0.5039  -2.9472   2.9110   0.5648  -3.1694  -2.5856
  -2.4397   0.0791   1.5172   4.0860  -1.4760  -1.5119  -2.7380  -4.1541   2.7756   4.6559
   3.1687  -4.1704   2.1963  -4.4050   4.4385   4.7655   4.7951  -3.4318  -3.2662  -1.3528
  -2.2587   3.2952  -2.1563  -0.3079  -1.1250   4.1622   0.4593   3.9451  -3.6590  -2.2112
   4.5821   2.9286  -1.5998   3.7553   2.3973  -3.5749  -1.1072   0.6881   3.6235  -0.0211
  -2.0683   0.4310  -1.3354   1.0998  -1.6889  -4.7129  -0.3565   0.3822   3.2381   4.5108
  -0.0574   1.4220   4.3557  -4.7576  -3.4839   4.2914  -1.0493   3.4781  -1.1215  -2.7363
  -3.4488  -1.9907  -1.2330  -1.4961   2.9678   1.7085   4.6830   4.3663   2.7810   3.4037
>b (rhs) data
   37.8467
   26.0114
  -24.0968
    6.1564
   47.7783
   40.9231
   -4.5393
    5.8234
   42.6587
  -27.3792
   38.3482
  -37.4923
   -0.9093
  -30.9919
   28.5773
>c (costs vector) data
   0.9020
  -3.5626
   0.6419
   0.7484
  -1.8110
  -0.8928
  -3.8393
  -0.5851
   3.3852
   2.6078
>Status flag:
INFEASIBLE