# Randomly generated test case
# Case number: 31; Generated: Wed Dec 31 19:00:00 1969

# Parameters: n=10, m=15, a=10,b=100
>epsilon -- precision parameter
0.01
>A matrix data
  -2.3579  -1.6162  -3.9851   3.0227   3.2662   3.2925   4.7603  -3.7138   1.7209   2.7735
  -3.2627  -0.1042  -3.5081   4.5437   1.7170  -3.8064   4.9238  -1.8922  -2.3494   2.9518
   2.0160   4.6323  -4.3544  -2.0870  -4.2848   2.2155  -4.5376  -4.3239  -2.8812  -3.4834
  -4.1548   2.5887  -2.7408  -1.4690   0.1146  -1.4703  -2.8638  -1.4573  -4.6248  -4.8423
  -2.4822  -0.2067   4.0930   2.6694   2.4528  -2.9221  -0.2157   0.6980  -1.5369  -4.8704
  -1.0000        0        0        0        0        0        0        0        0        0
        0  -1.0000        0        0        0        0        0        0        0        0
        0        0  -1.0000        0        0        0        0        0        0        0
        0        0        0  -1.0000        0        0        0        0        0        0
        0        0        0        0  -1.0000        0        0        0        0        0
        0        0        0        0        0  -1.0000        0        0        0        0
        0        0        0        0        0        0  -1.0000        0        0        0
        0        0        0        0        0        0        0  -1.0000        0        0
        0        0        0        0        0        0        0        0  -1.0000        0
        0        0        0        0        0        0        0        0        0  -1.0000
>b (rhs) data
  -43.6199
   -7.5630
  -26.3547
    5.6482
   39.6637
         0
         0
         0
         0
         0
         0
         0
         0
         0
         0
>c (costs vector) data
  -2.5213
  -0.9209
   4.6805
  -3.1187
  -3.9502
  -3.9681
  -4.5594
  -2.4873
   2.2590
   3.8510
>Status flag:
UNBOUNDED