# Randomly generated test case
# Case number: 36; Generated: Wed Dec 31 19:00:00 1969

# Parameters: n=10, m=25, a=10,b=100
>epsilon -- precision parameter
0.01
>A matrix data
  -1.7049  -0.9886   0.8356   1.9475   0.4453   4.6107  -0.7246  -4.9260   3.4993  -0.0688
  -0.4664  -4.8873   1.8878   3.7555  -2.2699  -0.6407   3.8146  -0.6424   1.4727  -0.7679
   0.4059   4.8895  -0.5800   2.2477   3.8855   3.2226  -1.4783  -0.8448   0.3023   4.0143
  -3.4281   0.1286  -3.4748   1.9959  -1.6344  -3.7890   4.4155   2.5847   4.0766  -2.2956
  -2.8742   3.0630  -4.6152   2.9861  -4.6086   2.9992  -2.2658   3.6749  -0.8318   4.5910
   3.0581  -1.2657   2.8109   1.9870  -3.3481   3.5726  -3.3094   4.2535  -2.5067  -2.5130
  -0.6243  -1.1460   4.9395  -2.4029   0.8940   4.4873   1.5268  -1.1581  -3.6610  -0.0603
  -2.2114   0.6022   4.4545   4.3276  -4.3545  -3.7273   3.5884   1.2023   0.0807   1.1326
   4.3441  -1.2212  -0.7855   2.1584  -2.8598   1.1210   0.4215   2.8559   2.0764   0.5275
  -3.3256   1.3012   1.6359  -0.2549   1.1970   0.2392  -2.5111  -1.6015  -2.6009  -1.0009
   1.7105  -4.2065  -4.3394   0.7638  -2.1783   3.0187  -4.3359  -0.6307   3.1288   4.1188
  -4.8150  -4.1111   4.7091   0.9378  -4.3179  -1.9558  -1.0447   0.5831   1.6528   1.3441
  -4.1226  -3.7603   1.1852   1.2882  -1.3891  -0.3660  -2.8834   3.0311   2.0778  -4.9424
   4.1305  -0.2931   1.1186  -1.3791   3.6581  -0.2154   2.1600  -3.3748  -1.1535  -0.7726
  -1.7391  -2.7825  -2.3793   4.4192   3.4895  -1.4065  -3.8934  -3.4947  -3.7635  -0.9465
  -1.0000        0        0        0        0        0        0        0        0        0
        0  -1.0000        0        0        0        0        0        0        0        0
        0        0  -1.0000        0        0        0        0        0        0        0
        0        0        0  -1.0000        0        0        0        0        0        0
        0        0        0        0  -1.0000        0        0        0        0        0
        0        0        0        0        0  -1.0000        0        0        0        0
        0        0        0        0        0        0  -1.0000        0        0        0
        0        0        0        0        0        0        0  -1.0000        0        0
        0        0        0        0        0        0        0        0  -1.0000        0
        0        0        0        0        0        0        0        0        0  -1.0000
>b (rhs) data
   10.6995
   -6.4758
  -31.5042
   47.8309
  -34.1342
   16.7984
  -32.1512
   15.5447
   37.6510
   40.2734
  -47.0767
  -42.2270
   26.2371
   31.0647
   24.9956
         0
         0
         0
         0
         0
         0
         0
         0
         0
         0
>c (costs vector) data
  -3.1724
  -0.9732
  -2.5254
   2.4754
   0.0712
  -3.8069
  -4.9737
  -0.7864
  -1.3661
   2.9158
>Status flag:
INFEASIBLE