# Randomly generated test case
# Case number: 1; Generated: Wed Dec 31 19:00:00 1969

# Parameters: n=10, m=10, a=10,b=100
>epsilon -- precision parameter
0.01
>A matrix data
  -1.9573   4.4650  -0.1020   2.2128   0.8442   1.9169  -2.2479   3.9154   4.3282   4.7241
   4.6369   1.8156  -4.0126   0.9817   3.9508   0.5603   1.3923   1.6583   3.1291   1.0886
  -0.9906  -2.6587   2.8721   4.3959  -4.8958   4.9954  -1.9957   3.7970   0.1784  -1.7798
   3.8315  -1.4473  -1.6496  -1.9061   4.5363   0.2483   0.8584  -3.4394  -4.3288   1.3079
  -0.2058   1.4874   4.2653  -1.8141   3.6252  -4.7197  -2.6515  -3.2478   3.9789   4.5139
   3.0879   3.1185   3.7849  -4.6506  -0.6786  -3.6506   2.1174  -0.4374  -3.9190   0.8997
  -3.7888  -0.6211   1.8558  -0.3411  -3.9062   3.6228   4.1051   3.9899   4.0145   2.0455
  -0.2119  -3.4785   1.5198  -3.0113   0.6611   0.1677   1.6493  -4.6788   2.9819  -3.9949
   1.2703  -2.8538  -3.1038  -1.3996  -2.9941   3.4392  -1.1137   3.8341   0.0449   2.0748
   3.6713   3.1720   1.1098   0.8534   3.9958  -4.9878  -3.7507  -0.7346   0.9742   4.5600
>b (rhs) data
  -34.7767
   21.5142
   47.2001
  -18.5937
   26.5824
   31.9985
   41.0636
    7.6200
   26.3159
   13.5948
>c (costs vector) data
  -1.5077
  -3.3074
   2.8267
   4.9157
   0.2902
  -2.7584
  -0.6641
  -4.6993
   0.6648
   0.1276
>Status flag:
UNBOUNDED