# Randomly generated test case
# Case number: 8; Generated: Sun Nov 19 05:44:16 4461606

# Parameters: n=10, m=15, a=10,b=100
>epsilon -- precision parameter
0.01
>A matrix data
  -2.2251   0.6961   3.7758  -2.5259  -0.9546  -2.2987  -4.9645   1.6531  -1.7942   3.2089
   2.1070   0.4860   4.1648   2.6596   0.2993   4.4886   0.3257   0.6152   3.0208  -3.0710
  -0.6583  -1.6885  -1.8276   3.2629  -4.7478   2.9662  -2.7897   1.7153  -3.6231  -1.0547
   2.4107   0.4948  -3.5355   3.4379  -4.8992  -3.9491   4.6339  -4.7018   3.7664   2.7647
  -1.1444   4.3161  -4.7364  -3.6148   1.5075  -3.3037   0.7879   0.4519   0.8994  -2.3322
   2.5547   4.3944   1.8871   0.1946  -3.2431  -1.3469  -3.2890  -1.3629  -3.6279  -3.4837
   2.7347   3.0101  -0.6966  -0.0979  -0.5855  -1.7787  -3.2053  -4.4067  -3.3256  -1.6214
  -3.3865   0.6935  -3.4189   0.4236  -4.3332  -0.3273  -2.3728  -0.5456  -0.7872   1.5806
  -1.1727  -1.1013  -4.9795   4.2438  -4.3825  -0.0331   0.2211  -1.8345   1.4617  -2.7747
   2.6196   0.8206  -1.2304   0.6197  -2.1356   3.2327  -2.1637  -1.8275  -4.3206   3.5891
  -1.9194   0.6589   2.8120   1.7057   2.6594   1.0843   1.3227   2.7046  -4.0671   1.8655
   3.2128  -1.6481   1.7359  -4.8065  -1.5528   2.3052  -1.7651   2.2154  -0.2860   0.7870
  -4.3889   0.6617  -3.5077   0.9258   3.9274   3.7730   3.2212   1.3434   0.9448   2.3216
  -1.2684  -2.4722  -3.5317  -3.2226  -1.5293  -0.3935  -1.4780   3.9023  -1.9758   2.0434
   3.0147   2.5191  -3.1643  -2.9248   3.5232  -2.9185  -2.7548   3.6099  -1.7687   3.2277
>b (rhs) data
   38.1396
  -46.6145
   10.9896
   27.9026
   -1.6361
   47.4585
   20.3095
  -37.1961
    1.6980
  -13.1913
   11.3283
  -38.1764
   44.7184
  -47.4936
   39.1136
>c (costs vector) data
  -2.6308
   2.5450
  -1.8492
   0.1777
   2.9642
   4.4425
   3.9431
   3.3382
  -3.2112
  -1.0912
>Status flag:
UNBOUNDED