# Randomly generated test case
# Case number: 28; Generated: Wed Dec 31 19:00:00 1969

# Parameters: n=10, m=20, a=10,b=100
>epsilon -- precision parameter
0.01
>A matrix data
   3.0182   0.6957   0.0028   1.9650  -1.0769   3.3038   2.5726   0.8290  -3.6612  -0.4732
  -3.3334  -3.2566   1.8071   3.2005   0.8021   0.2898  -3.0545   2.5798   2.7208   1.9537
   3.3667  -1.6313   1.6470  -2.4368   1.2962   1.0126  -4.7948   3.4291   2.1124   1.8299
   0.8568  -3.4256   3.6065   4.2289   2.2377   1.1041   4.7310  -1.3843   3.4781   4.5276
   3.9254  -0.9328   2.9643  -1.3064  -1.1835   4.2287  -2.3805   4.6724  -0.1885  -1.7543
  -4.8306   4.8697   1.0553   1.4684  -2.7916   2.2030   2.3994   3.0688  -1.5337  -2.3714
   1.7838  -3.4916   2.1531   1.4131   2.3124   4.4868   0.0307   1.7490  -3.7760  -2.9416
   2.7645   0.9693  -2.7874   1.3749  -2.6640   3.8186   4.5888  -1.6841  -1.2064  -3.4062
   4.0702   2.6804   4.2055  -4.3548   4.8305   4.4057   1.0846   0.3446  -0.6578   4.8172
   4.3424  -0.3818   4.1004  -0.8969  -4.9814  -0.3514  -2.1772  -2.6175  -0.8216  -3.7343
  -1.0000        0        0        0        0        0        0        0        0        0
        0  -1.0000        0        0        0        0        0        0        0        0
        0        0  -1.0000        0        0        0        0        0        0        0
        0        0        0  -1.0000        0        0        0        0        0        0
        0        0        0        0  -1.0000        0        0        0        0        0
        0        0        0        0        0  -1.0000        0        0        0        0
        0        0        0        0        0        0  -1.0000        0        0        0
        0        0        0        0        0        0        0  -1.0000        0        0
        0        0        0        0        0        0        0        0  -1.0000        0
        0        0        0        0        0        0        0        0        0  -1.0000
>b (rhs) data
  -36.8047
   41.7742
   12.3594
   25.7296
   43.1853
  -10.9089
   14.4701
   23.2931
   35.3900
   34.0209
         0
         0
         0
         0
         0
         0
         0
         0
         0
         0
>c (costs vector) data
  -4.0729
   4.2177
   0.6538
  -0.5862
  -0.7346
  -3.5920
  -4.5502
  -3.4466
  -0.9727
   2.2581
>Status flag:
INFEASIBLE