# Randomly generated test case
# Case number: 29; Generated: Wed Dec 31 19:00:00 1969

# Parameters: n=10, m=20, a=10,b=100
>epsilon -- precision parameter
0.01
>A matrix data
  -2.3447   4.6123   2.2732   2.3068  -4.3558   0.2730  -0.9483   2.8824   1.4928   0.7504
  -2.3701  -1.7511   4.6549  -1.0006   1.6173  -0.1478  -4.6216   3.2212   3.7232   1.5478
   4.4932  -3.8377   4.7307  -0.4533  -2.4238   0.7480   3.6071   4.7086   2.1895  -4.6756
  -2.0635  -3.1688  -0.6408   2.4406  -1.5622  -4.6207   0.9432   4.8579  -4.8628   3.6259
  -4.5281   1.3183   1.3437   3.0865  -2.0533  -1.0380  -1.6122  -1.7646  -2.4144   3.5697
  -4.5308  -4.8203   2.7576   3.1086   3.3849   2.6185  -3.6801  -3.6489  -2.9237   4.1578
  -1.1879  -3.5366  -4.0341   2.3877  -2.5269   2.4118   2.5790   1.0668  -4.9766  -0.2268
   0.1786  -2.8774  -3.5428  -0.9025  -2.0300  -2.5028  -2.8668   1.0994   4.8399   4.6307
   3.6286   4.2569   0.5005   3.8660  -4.1346   0.2948  -3.8850  -2.6340   3.8310   3.3443
  -0.5624  -3.0647   4.1130   4.3142  -4.9045  -3.1262   3.6396   2.0260  -0.6842   4.4502
  -1.0000        0        0        0        0        0        0        0        0        0
        0  -1.0000        0        0        0        0        0        0        0        0
        0        0  -1.0000        0        0        0        0        0        0        0
        0        0        0  -1.0000        0        0        0        0        0        0
        0        0        0        0  -1.0000        0        0        0        0        0
        0        0        0        0        0  -1.0000        0        0        0        0
        0        0        0        0        0        0  -1.0000        0        0        0
        0        0        0        0        0        0        0  -1.0000        0        0
        0        0        0        0        0        0        0        0  -1.0000        0
        0        0        0        0        0        0        0        0        0  -1.0000
>b (rhs) data
  -30.6639
  -41.6973
    6.8804
  -49.2333
   34.6506
   28.1348
   27.9457
    4.3485
  -38.9381
   42.5797
         0
         0
         0
         0
         0
         0
         0
         0
         0
         0
>c (costs vector) data
  -1.3564
   0.5028
  -3.2366
  -4.1760
  -0.2714
   1.8076
  -4.6513
  -0.4872
  -1.3307
   3.9735
>Status flag:
UNBOUNDED