# Randomly generated test case
# Case number: 22; Generated: Wed Dec 31 19:00:00 1969

# Parameters: n=10, m=10, a=10,b=100
>epsilon -- precision parameter
0.01
>A matrix data
   3.4290  -2.8570   4.8975   0.0202  -0.6008  -1.7598   0.7666  -1.1039   0.4486   1.9184
  -0.5983   2.1151  -4.8254  -2.0186   3.4250  -2.4825  -2.4582  -0.7149  -4.7658   0.5457
  -2.4395   3.2054   4.1237   4.4881  -0.2844  -1.7448   0.7091   1.6638   0.7343  -1.1582
   1.7350   3.5456   0.8834   0.0806  -3.0064   3.3119  -1.3877  -2.0327   4.7661   3.8449
  -3.1044   2.9097   0.8654  -0.7972   1.3839  -2.2689  -0.3874   2.6414   2.2357   3.3343
   4.5949   2.3499  -4.9946   0.2527  -4.9159   1.2254  -4.3504  -3.1473  -2.9694   0.9926
  -1.3784  -4.3542  -3.6369  -0.5725   4.7790   0.0092  -2.3130  -1.0566   2.8102   0.9348
  -1.7487   3.2380  -1.9559  -4.8904   2.0033  -0.9567   1.0319  -3.5204   4.0881   1.4592
   3.8637  -3.8941   2.0989  -3.7582  -0.5716   0.7385   2.9031   2.3353  -0.1723  -2.7877
   0.8283   4.4558  -2.0310  -3.9631  -4.5262   0.1924  -0.5248   3.8927  -1.4461  -1.8382
>b (rhs) data
   41.6850
  -13.3612
  -10.3220
  -16.1557
  -38.5622
   32.0750
   14.2367
  -41.7865
  -40.2922
   35.9808
>c (costs vector) data
  -3.3121
   4.2900
   2.3329
   3.5114
   0.9799
   4.7775
   0.8500
   4.8035
   4.7641
  -2.5924
>Status flag:
UNBOUNDED