# Randomly generated test case
# Case number: 9; Generated: Wed Dec 31 19:00:00 1969

# Parameters: n=10, m=25, a=10,b=100
>epsilon -- precision parameter
0.01
>A matrix data
   0.8002   1.3032   2.8858   0.4291   0.7278  -4.8087   0.7366  -2.7196   0.3301  -2.5254
   4.0063  -0.0821   0.1795  -3.4233  -0.4992  -1.0313  -0.6202   2.8153  -3.7246  -3.8417
   1.1644   1.7105   3.4558  -2.1942   4.3466   0.6120   1.5043   0.3568   0.6532   3.7862
   1.7187  -3.8159  -1.2104   0.8907   4.1356  -4.2765  -3.0456   4.9624  -1.8853   3.0373
  -4.3876   3.1448   0.2505   2.7810   0.9466   3.9915  -0.8018  -2.9091   4.9532  -4.2700
  -2.9859   3.9290  -3.2890  -3.8906  -2.7795   0.1500  -1.2866  -2.8380  -0.5629   1.5102
   3.3431   4.6353  -4.8589  -4.6351   4.6698   0.5656  -1.8484  -3.6142  -2.5495   1.5989
   0.8397  -3.9252   0.0309   0.8005  -0.9884   2.6953   0.4335   3.1336  -1.3499   2.8691
   3.2747   0.8629   3.0204   0.3600   4.9446   1.5826  -2.2856   1.2765   4.0910   1.2473
  -4.6764  -3.3149   3.7621   0.9951   4.5915  -2.2534  -0.1260  -2.8059   3.2501   2.7426
   4.6284   2.7839  -4.7859  -1.0472  -4.3460   1.0095  -0.0988  -2.4756  -2.2892  -2.4483
  -1.7551  -1.3361  -3.6687  -0.2684   0.1392   4.8781  -3.8280   3.8462   1.0486  -2.8417
   3.2222   0.6196   0.7790  -0.3625  -3.8054  -2.4851   4.0092   4.1398  -0.0214  -1.2012
   1.4276   1.5739  -0.7366  -0.5025  -1.6637   3.1642  -1.9617  -0.5146  -4.1253   0.6648
  -3.0651   1.6148  -1.3595  -4.0190  -0.4301  -3.3104   1.8437   2.2593  -1.9528   3.7765
  -1.0000        0        0        0        0        0        0        0        0        0
        0  -1.0000        0        0        0        0        0        0        0        0
        0        0  -1.0000        0        0        0        0        0        0        0
        0        0        0  -1.0000        0        0        0        0        0        0
        0        0        0        0  -1.0000        0        0        0        0        0
        0        0        0        0        0  -1.0000        0        0        0        0
        0        0        0        0        0        0  -1.0000        0        0        0
        0        0        0        0        0        0        0  -1.0000        0        0
        0        0        0        0        0        0        0        0  -1.0000        0
        0        0        0        0        0        0        0        0        0  -1.0000
>b (rhs) data
  -19.2650
   33.9682
    2.0937
  -25.9999
   21.3335
   39.4181
   31.1012
  -43.5184
  -32.6834
   26.9174
    2.5363
  -30.9230
  -24.2658
   -7.3593
   25.3749
         0
         0
         0
         0
         0
         0
         0
         0
         0
         0
>c (costs vector) data
   3.7540
  -3.6331
  -3.8514
  -4.1065
   1.5597
   2.8305
  -1.4627
   4.7672
  -2.3065
  -1.6204
>Status flag:
INFEASIBLE