# Randomly generated test case
# Case number: 4; Generated: Wed Dec 31 19:00:00 1969

# Parameters: n=10, m=15, a=10,b=100
>epsilon -- precision parameter
0.01
>A matrix data
   3.1006  -3.7820  -2.3587  -0.6652   3.9062   4.3477   3.5830  -3.3267   1.7409  -1.6083
  -4.3181  -2.5427   0.6741  -0.1732   3.4314  -2.5263   1.9885   4.9555   4.8701  -1.7987
  -1.3997  -0.0555   1.7364  -2.8467  -4.1448   2.3719  -1.5238  -2.2130  -0.3464  -4.0566
  -3.9948  -0.9942   0.2957  -1.1909  -3.9203  -3.5831  -0.3413   4.9269  -4.2360   2.9792
   0.4846  -0.4363  -0.0761  -3.7760   2.4364  -2.6612   1.0519   2.4822   2.1550   0.2020
  -0.2077  -2.8849  -3.2844   1.0703   0.8585  -4.3371  -1.4235  -3.9212  -0.1210   0.3125
  -2.6850  -2.6132   0.1974  -2.0099   2.2022  -0.9356  -4.7844  -3.3524  -0.2862  -0.7669
   1.7701  -3.8524   2.4979  -2.2622   2.7917  -1.1044   0.0279   3.9719  -2.3801  -2.3695
   3.3061  -1.7671  -0.3706  -0.5280   0.3317   4.2128  -3.8275  -1.5918  -1.5231  -2.2403
   0.8354  -4.5222   2.7973   0.6411   1.3568   1.1750  -1.0653  -4.0127   1.4497  -3.6316
   3.1833   4.0015  -3.3036   3.6815  -2.1204   2.2332  -2.8058  -4.2772  -2.3740   4.8423
   0.1832   2.2463  -2.5751  -4.7606   3.6747  -2.9773   0.8699   1.4359  -0.8851  -4.4887
  -4.8451   4.5460  -0.0514   2.0893   4.3968  -3.4237   4.7862   2.2830   0.0033   3.2752
  -3.8117   0.9624   0.9201   4.3939   3.5127   2.0909  -2.5989   3.2707   1.3255   1.1183
  -0.9279   3.3951   3.3948   4.7813  -3.3170  -3.6154   4.4700   4.1150   3.3287  -4.9327
>b (rhs) data
  -10.0194
  -14.9000
   16.5958
   19.6868
   10.0863
   44.7815
   -9.6142
   42.6173
  -39.2217
    0.9510
  -48.6803
  -34.7380
  -44.9891
  -30.1971
    6.4727
>c (costs vector) data
   3.9878
   2.3740
   1.3591
  -0.1422
  -2.8944
  -2.6952
  -2.9048
  -1.1023
   1.3888
   4.7203
>Status flag:
INFEASIBLE