# Randomly generated test case
# Case number: 31; Generated: Wed Dec 31 19:00:00 1969

# Parameters: n=10, m=15, a=10,b=100
>epsilon -- precision parameter
0.01
>A matrix data
  -2.6685  -3.9054   3.6526  -3.7322  -1.1633   4.5070   3.9884   3.7075   0.5339  -0.8982
   2.0188  -1.6582  -1.3637   3.1060  -2.2885  -1.8693  -1.3614  -4.8256  -0.9163  -1.9449
   4.5795  -3.8441  -3.8452  -3.2124  -3.3125  -3.0912  -4.3132  -3.9310   0.1982  -4.2209
  -0.2634  -4.9561   0.0805   1.0725  -2.8520  -2.0909  -3.3754   0.3083  -1.1352  -0.2752
  -0.4705  -2.6218   3.1048   3.3658  -1.6028   3.0651   0.9004  -1.3369  -4.3659   2.6628
   1.0914   2.8569  -4.3376   2.2250   4.2108   0.2312  -2.6044  -4.1979   3.5143   1.3534
  -2.8271   4.0884  -4.4666   0.8600  -4.2314  -2.6156   2.3802  -1.3545  -1.7829   4.3665
   2.3783   3.7867   0.5119   1.1071   4.7012  -2.0081  -3.0063   3.8834   3.9162  -3.2502
   2.8388  -3.3615   4.8183   4.5986  -3.1992   4.4056  -1.8612  -0.4231  -2.3557   3.6759
  -1.4786   3.7291   4.9806  -2.2230   0.0870  -1.4966   4.1579   1.6499  -1.8752  -4.3636
   4.4333   1.3780  -2.7946   2.8171   0.7044  -4.0233   1.8042   3.6296  -3.8491  -2.8165
   2.4737  -2.4785  -4.4818   2.2072  -0.0723  -2.4626  -4.3763   2.4288  -3.4129   1.9413
  -0.7861  -3.3541   4.8161  -3.0966   4.7792  -0.7048  -4.0986  -3.3458   3.3018   1.3294
  -4.2452   1.7599   3.9542  -4.6338   2.5639  -0.6687   0.4233  -0.7256   1.4369   2.7465
   2.0748   0.3821   3.1249  -3.8653  -1.3490   0.9047   1.4099  -4.3222  -4.8061   1.0240
>b (rhs) data
  -21.6954
  -48.0325
    6.5312
  -36.6767
   43.2554
  -12.4570
    2.2186
   27.5859
   -1.8305
   38.5642
  -13.4586
  -14.6994
   28.9434
  -47.9907
   25.7017
>c (costs vector) data
  -4.6444
  -3.4326
   4.5620
  -2.3812
   4.8805
   3.0971
  -4.4782
   3.5966
   0.4202
   1.9297
>Status flag:
INFEASIBLE