# Randomly generated test case
# Case number: 10; Generated: Wed Dec 31 19:00:00 1969

# Parameters: n=10, m=20, a=10,b=100
>epsilon -- precision parameter
0.01
>A matrix data
   1.4549   0.8809  -1.0597  -1.4865  -1.5913  -4.0979  -3.0644   0.0735   4.6018  -2.5164
   1.4107   1.9008  -0.1490   0.8625  -0.2372   2.2914   0.1168   2.7079  -4.8087  -2.7367
   3.0339   0.7186   3.9407   2.9053   2.7123  -4.0684   3.0988   4.1764  -0.4783   1.3178
  -2.7539  -0.7039  -1.9468  -2.3279   3.4253  -1.4697  -4.6535  -2.1424  -2.2517   1.1699
   4.5597   3.9140   4.1423   1.4202   0.5058   1.5221   2.4087   1.4069  -0.0169  -1.2159
  -0.3983   1.0440   2.5495  -0.3236  -1.1069   0.4292   2.9355  -2.0376   0.6529  -4.0258
   3.3336   1.3887  -2.0115   3.5593  -3.5512   3.6416   2.7538   2.4889  -2.2315  -3.0443
  -1.4795   0.8332  -4.1706   3.3920  -3.5775   3.7239   2.7710   3.3981   1.1576  -4.4109
  -2.6167  -1.2371  -2.1129  -2.8727  -2.7621   0.3434   3.0004   2.0100  -4.7733  -1.8231
   4.9377   4.7991  -0.7648   4.8703  -0.2260   2.1904  -4.7547   0.8326  -1.9374   0.9323
  -1.0000        0        0        0        0        0        0        0        0        0
        0  -1.0000        0        0        0        0        0        0        0        0
        0        0  -1.0000        0        0        0        0        0        0        0
        0        0        0  -1.0000        0        0        0        0        0        0
        0        0        0        0  -1.0000        0        0        0        0        0
        0        0        0        0        0  -1.0000        0        0        0        0
        0        0        0        0        0        0  -1.0000        0        0        0
        0        0        0        0        0        0        0  -1.0000        0        0
        0        0        0        0        0        0        0        0  -1.0000        0
        0        0        0        0        0        0        0        0        0  -1.0000
>b (rhs) data
   48.1976
  -17.3057
   17.4935
    4.4132
    8.5194
   49.0794
  -40.8498
   43.7181
   16.2939
    8.1229
         0
         0
         0
         0
         0
         0
         0
         0
         0
         0
>c (costs vector) data
  -2.4100
   4.4662
   4.7286
   2.2406
   2.7235
  -2.0260
  -0.9911
   1.7712
  -4.0762
  -4.2958
>Status flag:
UNBOUNDED