# Randomly generated test case
# Case number: 20; Generated: Wed Dec 31 19:00:00 1969

# Parameters: n=10, m=10, a=10,b=100
>epsilon -- precision parameter
0.01
>A matrix data
  -3.4845  -4.3151   0.2028   3.4924  -1.6356   0.6046   3.0028  -4.3767   2.7114   2.1060
   1.4277  -2.1439   1.6364  -1.3275  -0.2360   3.3841   1.2538  -1.9823   3.2735   4.7256
  -0.0687   2.0337  -3.0672  -3.7985  -3.9006  -0.8020  -0.6539  -0.7039  -0.2888   0.9636
  -4.8407  -0.2318  -3.1091   0.2318  -3.4838   0.1840   1.0936   1.0715  -2.0636   4.1440
   0.0975   1.1780   0.4010   0.5854  -1.2740  -0.6175   2.6036  -2.4796   2.1432  -4.8232
  -1.9992   4.3590   2.6287   0.2920  -2.3004  -1.8292  -0.6743  -3.1562   4.0427  -1.8562
   2.8202  -4.5181   4.7515  -4.9107  -1.8449  -3.6959   2.7997  -2.9602  -4.8427  -0.2223
   1.8703  -2.7270  -2.5277   4.8453   0.3765  -2.9653  -1.1952   2.8432   4.6685   0.8522
   4.6764   2.7114   3.0226  -0.1111  -4.9800  -2.2489  -2.6108  -4.3070  -3.0763  -3.3532
   3.2727   2.4821  -1.9988  -4.8965  -4.3767  -0.4969   3.8615   3.6816  -3.4253   0.2773
>b (rhs) data
  -43.0909
  -17.8846
  -35.0290
  -11.7540
  -46.7843
   23.5788
  -14.0191
  -43.5227
    4.1525
  -35.0752
>c (costs vector) data
   4.8446
  -1.4246
   3.7937
   3.5494
  -0.6723
   0.3713
  -1.2603
   3.5422
   4.2885
  -3.4958
>Status flag:
UNBOUNDED