# Randomly generated test case
# Case number: 26; Generated: Wed Dec 31 19:00:00 1969

# Parameters: n=10, m=15, a=10,b=100
>epsilon -- precision parameter
0.01
>A matrix data
  -2.7809   4.1491  -1.1991  -0.0073  -1.2494   3.0435  -3.3290  -4.6468   2.2507   0.7944
  -3.4856  -1.8818   1.8640  -4.9103  -4.5908  -4.5754   3.0517  -1.0246   1.5788   0.5112
   0.4079   0.0590  -1.1977   4.6240   0.3569   2.7970  -4.4867   0.2129  -2.8521   3.9681
  -3.5341   4.3607  -1.6519  -4.0838   3.2200   1.5580   0.7128  -1.8051  -0.6159  -2.3785
   3.2529  -3.1409  -3.6989   1.7522  -0.0130  -2.8903   0.7547  -1.9115   2.6906   0.4512
  -2.0141   1.1259  -1.0205  -1.4746  -0.8285  -4.6669   0.8918   1.3693   0.8588   4.4560
  -1.3070  -3.4566  -1.1078   0.3456   0.2682   4.4253   1.2784  -1.5508  -4.6435   4.7686
  -1.2517  -4.1350  -3.4396   4.7294  -2.5869  -2.4065   0.9936  -1.6439  -3.5061  -2.1585
   2.0954  -4.7830   3.5168  -2.7264  -4.2683  -2.8985  -1.3240  -4.5284  -2.4053   4.4600
  -1.1232  -3.4935  -0.0079  -4.8831   2.2311   1.0526   1.5932  -1.0267  -4.8634   2.1524
  -2.9138   0.8597   4.5133   3.3947  -2.6853  -0.5659   1.5506   1.9800  -2.6801   0.4937
   2.7984  -0.0404   1.2549  -0.0066  -1.2324  -4.7547  -3.5603   1.3623  -0.3610  -0.9511
   4.9188   1.2901   2.8549  -4.1529  -0.5047  -0.6078  -1.2860   0.4258   2.6663  -1.6627
  -2.0074   0.9234  -4.4643   3.3286   0.0271  -4.1483  -0.0859   0.1870  -1.8130  -4.3878
   3.0603  -0.6275   1.8069   1.4790  -3.3361   4.0697  -4.9114   0.8874   0.8001   4.4261
>b (rhs) data
  -19.3265
   35.1891
  -28.7483
    5.1436
  -16.7771
   44.6833
   46.2109
   35.6467
  -39.9493
  -22.6686
   42.0493
  -26.8532
    1.4319
   38.1229
  -16.4861
>c (costs vector) data
  -4.0724
  -0.7460
   1.8724
  -3.7505
  -4.9482
  -3.1504
   1.7386
  -2.7608
   2.9953
  -3.2973
>Status flag:
UNBOUNDED