# Randomly generated test case
# Case number: 18; Generated: Wed Dec 31 19:00:00 1969

# Parameters: n=10, m=25, a=10,b=100
>epsilon -- precision parameter
0.01
>A matrix data
  -2.4969  -3.4168  -0.9037  -3.6669   1.5652   0.9738  -1.3360   1.0111   0.8905   3.2477
   4.5000  -2.2545   3.7621   2.7625   0.4562  -0.8425  -1.8599   2.7296   3.4398  -3.5036
   3.3315  -0.1393   0.1203  -1.5165   1.1624   3.0218  -1.0839  -0.7807  -4.1891   3.9108
   4.7596  -1.1835   1.7734   0.6701   3.3210  -0.8514  -4.1170   1.9264   0.5553   0.9467
  -3.4649   0.8610  -3.9297   0.3342  -1.0458  -1.7257  -0.2835  -4.9132  -0.5395   1.2470
  -1.9582  -2.3969   2.2226   4.8026  -3.6669   1.3657  -4.6498   2.2766  -2.3984   1.0274
  -0.0812  -3.9402  -4.9327  -1.8846   0.2911   1.4683   3.1796  -2.0899  -2.6564  -1.7878
  -3.9468  -0.6924   4.0739  -1.3141  -4.4563  -2.5825   2.2171  -4.5546   4.8931  -0.5023
  -3.5329  -2.2544   1.8477   3.4655   0.0944  -2.9945   0.1915   2.0768   0.6698   4.9491
   3.5996  -1.3937   4.6820   4.9063  -1.0336  -1.8267  -4.4231   0.5423  -0.7185  -4.4119
  -1.9458   4.8468   0.4563  -3.4505  -2.2334  -2.6941   1.7511   4.6217  -1.4491   3.6376
   2.7503  -4.3716   4.4588   0.8846  -1.6098   3.8976  -1.6571  -0.1492   2.6032  -4.0736
   4.3932  -3.7592  -0.8261   0.5931   2.7465  -2.5610  -2.5566  -3.3027  -3.6185   3.2113
  -1.8033   0.5380   2.3774   3.2101  -1.8497  -3.9775   3.3372   1.2540  -3.7073   0.5318
   2.3553   1.5733   4.0444   1.2946   0.4255   2.0509   3.2808  -2.4692   2.1797  -0.9228
  -1.0000        0        0        0        0        0        0        0        0        0
        0  -1.0000        0        0        0        0        0        0        0        0
        0        0  -1.0000        0        0        0        0        0        0        0
        0        0        0  -1.0000        0        0        0        0        0        0
        0        0        0        0  -1.0000        0        0        0        0        0
        0        0        0        0        0  -1.0000        0        0        0        0
        0        0        0        0        0        0  -1.0000        0        0        0
        0        0        0        0        0        0        0  -1.0000        0        0
        0        0        0        0        0        0        0        0  -1.0000        0
        0        0        0        0        0        0        0        0        0  -1.0000
>b (rhs) data
  -41.4157
   26.5592
  -20.6752
  -27.7042
   49.7436
   45.3750
   39.9262
  -34.9569
  -45.1641
   21.8676
  -18.3883
   15.8494
   41.1065
   17.4691
  -42.7497
         0
         0
         0
         0
         0
         0
         0
         0
         0
         0
>c (costs vector) data
  -3.1852
  -3.8186
  -3.4603
  -1.8130
   1.5544
   2.1289
  -2.9136
   2.2994
  -4.5739
  -4.7478
>Status flag:
INFEASIBLE