# Randomly generated test case
# Case number: 47; Generated: Sun Nov 19 05:44:16 4461606

# Parameters: n=10, m=15, a=10,b=100
>epsilon -- precision parameter
0.01
>A matrix data
  -1.8646  -1.9619   3.0429  -0.0122  -0.7687  -1.8835  -2.1067  -0.5992   1.8540   3.7171
   0.3449  -0.5193   0.8771   3.1209   1.0577  -4.4471  -0.8141   4.3774  -0.6732   4.9959
  -2.2738   1.3251   3.6244   4.3475   2.9296  -1.6614   2.0896   0.1715   3.1883   1.6132
   2.1491   2.9458   2.0735   1.2497   1.1956  -2.9329   1.2643  -4.6428   3.2330  -4.3389
  -3.5760  -1.9352  -4.7751  -1.6561  -2.2296   2.2423  -4.6850  -4.2646   0.6658  -3.0494
  -1.1026   1.6004  -1.6150   3.9430  -3.2180  -2.4002   4.8549   2.3123   1.5851   2.9948
   0.0872  -1.1672  -0.3713   1.6271  -4.1175  -1.5666  -1.1046   3.7278   4.2736  -2.1989
   2.9618  -1.9377   4.3849  -1.6688   3.7509   2.5731  -1.0644   1.1335  -2.7532  -4.1755
  -3.6353   1.9919  -2.1020  -2.9816  -2.0418  -1.6977   4.3405   2.7643  -4.7906   3.3254
   2.3789  -1.0131  -0.5088  -2.9387   2.6677  -4.4857   3.4369  -0.0924  -1.6196  -2.6143
  -1.0740   2.0988  -4.5373   1.4828   2.2491  -4.9962   3.6034   4.3757  -0.9273  -1.6401
   0.7456   1.8571   3.4958  -3.7085   3.9202  -0.1975  -2.6600   4.4949   2.5264  -1.4167
   3.3108   4.5187   1.0835  -4.5720   0.1105  -0.7486  -4.7188  -4.2145   0.9901  -1.6709
   0.6771  -3.5346  -4.0746   1.3041   1.1083   2.5535  -1.1490  -3.1157  -4.2815   3.1482
  -0.7852   0.9243  -2.4405  -4.6103  -1.4472  -3.4135   3.4611   2.6799   2.2810   0.3923
>b (rhs) data
    6.1012
   23.5161
   49.2350
   13.4616
  -45.7679
   34.7959
  -16.2986
   44.5394
   28.2364
   29.9683
   11.0178
  -17.4794
  -43.3608
  -33.9804
   26.4394
>c (costs vector) data
   4.6860
  -1.9042
  -4.4526
  -1.0369
   4.8180
   3.2684
   3.5180
  -3.6161
   2.6276
   3.6830
>x -- known optimal solution
  -10.1446
   20.5180
   24.0058
   13.8724
  -20.2134
   40.4630
   -3.5393
    6.6643
   -8.7052
    7.5094

# Optimal objective: -204.787
