# Randomly generated test case
# Case number: 32; Generated: Sun Nov 19 05:44:16 4461606

# Parameters: n=10, m=15, a=10,b=100
>epsilon -- precision parameter
0.01
>A matrix data
   2.4587  -0.1881  -0.5783  -2.8041  -1.7097  -3.5728   0.5780   1.0775  -3.7128  -1.3086
  -4.4645   0.7297  -0.4798  -3.5473  -3.4084  -2.2521   3.5308  -3.3469  -4.3762  -4.9722
  -0.7390   1.2840  -3.2158  -0.6298   2.4468  -2.7485  -0.2223  -3.8669  -0.9957   0.2871
   2.3734   1.5985  -2.6072   0.4060   0.1602  -0.4572  -4.5479   1.9760   4.5130   1.4705
   2.0133   1.4668   1.2026  -4.4689   0.2348   4.5612   0.1717   0.9989   1.5411  -0.7616
  -2.4456  -2.2921   3.9287   1.1993  -0.2384  -2.4341  -3.7983   0.9857  -4.5505  -4.2081
   2.5712   4.7190  -0.9954  -4.6822  -1.0980   4.7519  -4.8991   2.8160  -1.9085   3.6989
  -1.2367  -1.0726   3.1109  -1.1578  -1.8432  -0.8296   4.3804   1.3368   2.4034  -1.0018
   4.2676   2.6311  -2.0207   1.4638  -0.5830   2.9357  -2.1128   1.0312   4.3190  -1.5103
  -4.5874   0.3657   3.5596   4.6978  -1.8422   2.4719  -2.8120  -3.3580  -4.5364   4.8864
   2.9513   2.6081  -4.8622  -4.6151  -4.8187  -3.0960   0.7083   1.5856  -3.3033   3.1957
  -1.9996  -3.4896  -0.4659  -1.3431   3.9678   0.2075   0.9844  -3.6159  -4.0494   2.2797
  -2.6843   2.7010   4.9078  -4.6005   3.3363  -1.5756   2.6013  -2.7011   0.2684   1.9159
   4.6357  -3.6141   3.3622   2.4723   2.1226   2.9001  -1.9476  -1.0944   3.8403  -4.0944
   0.4740   0.9629   0.2742  -4.1016  -4.5494  -2.9223   3.1588  -1.6216  -2.3520   3.7426
>b (rhs) data
  -22.4125
  -45.9348
   -9.8787
   21.0653
   -6.2932
   27.1721
  -48.6196
  -17.7792
  -44.4527
   22.7787
   -8.8081
   16.8277
    1.0315
   40.5727
   43.6574
>c (costs vector) data
  -2.5190
   1.8212
   3.9357
  -4.6181
  -3.1100
  -2.0207
   3.8113
  -4.6219
  -3.4879
  -3.2409
>Status flag:
UNBOUNDED