# Randomly generated test case
# Case number: 14; Generated: Sun Nov 19 05:44:16 4461606

# Parameters: n=10, m=15, a=10,b=100
>epsilon -- precision parameter
0.01
>A matrix data
   1.5648  -2.2060   3.5943  -3.8673  -2.4674   0.8658  -4.0595  -4.9788   1.0670  -1.8075
  -0.7011   2.7641  -1.7400   2.0350  -4.0411   1.8776  -4.8763  -1.4962  -4.6353   4.5745
   1.7137  -0.9990  -3.3124   0.7641  -4.9681   3.0218  -3.5494   2.6291  -2.2059  -4.1649
   2.1515  -3.9980   4.3466  -2.8368  -0.8675  -3.2898   3.2893   3.4316  -1.7374   1.2440
  -3.4208   4.2389   3.9947   0.2428  -4.4176  -4.1503   4.1972   2.6017   0.5269   3.1848
  -3.5808   3.2510   4.5623   0.6410  -2.2646  -4.4148   4.6597  -3.2897  -3.6858   1.7874
  -2.8691   4.0123   0.7262  -1.5933  -3.2220  -1.7134   4.9447   2.4985   3.2938  -4.0913
   2.9833   0.7440  -1.0337   1.3707  -0.7295  -1.9478  -3.8298  -4.0343  -3.3906   3.9807
   4.8735  -2.9599  -4.9308   4.7017   1.1682   3.5463   2.5682  -3.0935  -4.4548   4.0885
  -0.0627  -2.3245  -2.3067   3.0100  -4.4213   4.8059   4.7555  -3.4289   3.6775   2.3009
   2.7386   2.3903   4.8417   3.6248  -3.5691  -2.2296   3.8418   3.6419  -0.9378   1.9487
  -1.5857  -3.0426  -4.8346  -4.7441  -1.9871   0.7484  -1.3837   2.8329  -2.5185  -4.4129
   1.5035  -1.2937   2.8213  -1.4398  -4.7083   0.9175  -2.5730   1.0491   4.3885  -3.9495
   2.7705  -3.1204  -1.4331   4.5711   2.8272   0.7655  -0.2541   4.1494  -2.6965   0.6429
  -1.9472  -4.0375  -3.4470   4.9709  -1.6721   4.2830  -2.8383   2.4500  -0.4481   3.7991
>b (rhs) data
   -6.4391
   -6.9543
   16.4394
   33.4851
   42.6818
   37.4042
  -49.2212
   17.8560
   12.2676
   21.3303
  -41.2984
  -41.3691
  -23.6144
  -36.8110
   10.8400
>c (costs vector) data
   2.0383
   3.8542
   3.6158
   0.5128
  -1.7178
  -3.4820
   0.3204
  -0.6945
   3.7033
   2.0368
>Status flag:
UNBOUNDED