# Randomly generated test case
# Case number: 13; Generated: Wed Dec 31 19:00:00 1969

# Parameters: n=10, m=25, a=10,b=100
>epsilon -- precision parameter
0.01
>A matrix data
   4.7771  -0.8193   2.3803  -3.8329   1.7394  -4.0733  -1.4827  -1.1836   1.2770  -3.6537
  -2.5630   4.9856   3.3049   3.9778  -4.3963  -0.4351   3.7361  -4.6740   0.7043  -0.1728
  -1.9550  -3.4695   1.0368   3.2681   2.8120  -0.8589  -2.8773  -1.5053   4.7118   1.6477
   3.8391  -0.0311  -2.4110   0.4915  -3.8525   2.9699   0.1458   1.9003   0.2903  -4.2927
   4.6358  -1.9244   1.3748   3.4463  -3.2736   0.9573  -1.1185   2.1261   0.9918   3.8675
   3.4121   4.5829  -0.9229   3.8464   4.7291  -1.1636   3.4544   0.3831   4.2905  -4.1337
   0.7995   1.6194  -2.9395  -1.6277  -4.3651  -3.8399  -0.9989   2.3521  -4.8554  -1.8602
  -3.2389   2.5801   1.4404   2.4853  -1.8377   1.8557   4.7135   0.0034  -3.1047   0.3564
  -0.2295  -1.8677   3.9011   3.4441  -3.1336   0.6733   4.7960   3.3902  -2.1842  -4.0488
   1.2019   3.4966   4.7259  -1.5481   4.6534  -0.9439  -2.7712  -3.8643   3.7480   1.3089
  -0.2514   3.0373  -2.6868  -4.8522   0.6392   2.6196  -2.8452  -4.0348   3.9958   1.1978
  -2.6500  -1.9715  -2.7156   0.0073  -3.4920  -3.5415   4.1727   0.4439  -2.2606   0.6614
   2.0527   2.4766   4.7073   4.0681  -4.9644  -2.1608  -4.4505  -2.3587  -3.3010  -3.2223
  -3.4882  -2.1029   1.5148  -2.7537   0.0826   0.9211   2.2463  -0.9973  -1.6877   0.8205
   0.0141  -3.2827  -1.1425   3.1831   1.9321  -3.4545  -3.5619   4.7780   0.3114  -2.3819
  -1.0000        0        0        0        0        0        0        0        0        0
        0  -1.0000        0        0        0        0        0        0        0        0
        0        0  -1.0000        0        0        0        0        0        0        0
        0        0        0  -1.0000        0        0        0        0        0        0
        0        0        0        0  -1.0000        0        0        0        0        0
        0        0        0        0        0  -1.0000        0        0        0        0
        0        0        0        0        0        0  -1.0000        0        0        0
        0        0        0        0        0        0        0  -1.0000        0        0
        0        0        0        0        0        0        0        0  -1.0000        0
        0        0        0        0        0        0        0        0        0  -1.0000
>b (rhs) data
  -28.4749
   15.6808
  -15.2957
    5.0754
   -7.1604
  -11.9578
   23.5764
  -23.9581
  -13.6512
   -7.2449
   18.4065
   23.6797
  -44.7542
   -6.8507
    8.3733
         0
         0
         0
         0
         0
         0
         0
         0
         0
         0
>c (costs vector) data
   4.7844
   3.5538
  -3.5027
  -2.8216
  -1.6518
  -3.7776
   3.0872
  -3.8303
   4.1781
  -1.3012
>Status flag:
INFEASIBLE