# Randomly generated test case
# Case number: 41; Generated: Wed Dec 31 19:00:00 1969

# Parameters: n=10, m=25, a=10,b=100
>epsilon -- precision parameter
0.01
>A matrix data
   3.7101  -0.8919   4.9547   4.6378  -0.9709  -4.6098  -2.2190   3.4339  -4.8567   1.3287
  -3.0628  -3.5026  -2.7063   0.3318  -0.6894  -3.4950  -4.2982   0.4108   3.1431  -3.8523
   0.2592   0.7352   0.0149  -2.6994   0.6959   2.1528   0.2694   2.8844  -2.8854   0.5228
   0.0353   2.6645   3.1100   0.7244   3.0027  -4.6771  -2.6040  -2.5318   2.8124   1.9240
   1.1573  -4.6160  -3.1008   4.9202   3.3707   0.4567  -4.7363   2.1809   4.0367   2.9505
  -1.5246   3.9278   4.3091  -3.1696  -1.0659   0.6889  -2.9902   3.4170  -3.3774  -3.0142
   2.1632  -4.3406  -1.6731   3.1588   4.6769   1.1458  -4.3157   4.3167  -2.8964   3.8679
   4.3676   4.6305   0.2904  -1.8582   4.4551   4.2997  -3.3282   4.4144   0.4794   3.3694
  -4.8246  -0.4946   0.2471  -2.3261   1.5799  -3.4305   1.1079   4.6732  -2.1569   0.0818
   0.9755   4.9452  -3.5731  -4.2141  -3.2194   2.2302  -3.0269   4.9869  -2.8472   0.6881
   2.5841   3.7140  -2.6025  -4.7263   0.7920  -0.1544   0.8848   0.2193   1.3333   0.4113
  -1.7861   4.7262   1.2062  -2.8128   4.0997   0.0773  -2.1977  -0.6082  -1.0165  -4.5756
   0.9555  -1.0669   3.1013   1.7510   1.9388   4.4958   4.3986   3.4684  -1.0057  -2.8896
  -2.8189   0.2840  -3.0952  -2.9937   1.8827   4.4811  -4.4769   0.4834  -1.8657  -1.1606
   4.8517  -1.3407   4.2367   1.6249   0.6021  -1.5685   2.8541  -3.9523  -0.6615   0.2297
  -1.0000        0        0        0        0        0        0        0        0        0
        0  -1.0000        0        0        0        0        0        0        0        0
        0        0  -1.0000        0        0        0        0        0        0        0
        0        0        0  -1.0000        0        0        0        0        0        0
        0        0        0        0  -1.0000        0        0        0        0        0
        0        0        0        0        0  -1.0000        0        0        0        0
        0        0        0        0        0        0  -1.0000        0        0        0
        0        0        0        0        0        0        0  -1.0000        0        0
        0        0        0        0        0        0        0        0  -1.0000        0
        0        0        0        0        0        0        0        0        0  -1.0000
>b (rhs) data
   -6.4071
  -35.3620
   31.9467
  -23.3819
    6.9330
  -14.1031
  -30.5554
   22.2612
   -6.3111
   25.1942
   17.0621
   38.9127
   34.5430
  -28.0410
   44.3799
         0
         0
         0
         0
         0
         0
         0
         0
         0
         0
>c (costs vector) data
  -4.6337
   0.2992
  -1.8442
   4.6749
  -2.7822
  -3.9146
   4.1629
  -2.0263
  -4.8337
   2.5723
>Status flag:
INFEASIBLE