# Randomly generated test case
# Case number: 7; Generated: Wed Dec 31 19:00:00 1969

# Parameters: n=10, m=15, a=10,b=100
>epsilon -- precision parameter
0.01
>A matrix data
   2.8752   0.3952  -0.6426  -4.1257   4.9310  -4.6327   1.6245  -1.8181  -4.9681   0.8259
  -4.6061   3.1924  -0.4707   3.5553   4.6029   4.7427  -1.3046  -3.2035   0.8132   2.1210
   0.2763  -0.6406  -2.4790  -0.8667   3.0024  -4.8581  -0.7851  -0.5404  -2.0440  -1.5810
  -3.1843   2.1579  -3.8933   0.6393   1.3060   0.3314  -1.2188  -2.5105  -3.3241   2.7910
   1.1919   3.2169  -4.6085  -4.4297   2.1884  -2.8383  -1.8613  -0.0509   1.0779  -4.4850
  -1.0000        0        0        0        0        0        0        0        0        0
        0  -1.0000        0        0        0        0        0        0        0        0
        0        0  -1.0000        0        0        0        0        0        0        0
        0        0        0  -1.0000        0        0        0        0        0        0
        0        0        0        0  -1.0000        0        0        0        0        0
        0        0        0        0        0  -1.0000        0        0        0        0
        0        0        0        0        0        0  -1.0000        0        0        0
        0        0        0        0        0        0        0  -1.0000        0        0
        0        0        0        0        0        0        0        0  -1.0000        0
        0        0        0        0        0        0        0        0        0  -1.0000
>b (rhs) data
   -0.1954
    1.6033
   -7.2403
   44.8037
    8.3808
         0
         0
         0
         0
         0
         0
         0
         0
         0
         0
>c (costs vector) data
  -2.4052
   1.4837
   0.5810
   2.2768
  -0.2972
   3.4786
  -0.6664
   1.5007
   0.8098
  -0.0187
>Status flag:
UNBOUNDED