# Randomly generated test case
# Case number: 17; Generated: Wed Dec 31 19:00:00 1969

# Parameters: n=10, m=15, a=10,b=100
>epsilon -- precision parameter
0.01
>A matrix data
   0.2730  -4.4317   4.2803  -3.9180  -2.5862   0.9315  -4.5884  -1.1755  -4.1644  -1.0413
  -2.2433  -1.2349  -0.9002  -1.4138   1.3588  -4.2482  -0.4036   3.5483  -3.3119  -4.7157
   1.5719  -2.7278  -1.3399  -1.8370  -0.7238   2.0143   2.0469   0.2833  -3.9884  -3.0238
   0.4894  -3.8359  -2.2664  -2.8209   2.7831   2.4151   3.1221  -4.9697   1.3015   1.7014
  -0.1110  -0.0535   3.3328   3.1663  -1.3627   4.6186  -0.7525  -4.9944  -0.2545   0.1018
   2.9961   3.5460   2.3441   2.5608  -0.9338   2.6322  -4.7912   2.9747   1.9029   3.6117
   1.0887   0.5697  -0.3305  -4.4649  -3.8197  -0.3696  -4.6451   2.9695  -2.4024  -4.7777
  -2.9490  -3.6819   2.0120   0.4627   1.4725   3.6784   2.7525  -0.4842   1.8208   0.0801
   1.8373   4.4633  -4.5810  -3.9090   1.4167  -4.5212   4.5425  -0.9616   0.6808  -2.0682
  -0.4597   4.6651  -4.2683   1.6026   3.0423   2.5999  -4.1156   2.8200  -4.2455   1.0529
  -2.3669   4.6474  -3.2136  -0.8094   3.4280  -1.5199   3.6894   2.6752  -2.1436   1.8813
   3.6511   3.4637  -0.0360   4.7808   0.2156   0.0332   2.2338   0.8808  -0.3264   2.4264
  -1.1523   3.1878  -2.2484  -3.0204  -4.7214   1.2219   4.9099   0.7303   4.0079  -2.2686
   2.2703   3.2157   0.2701   4.8569   2.8879  -2.7393   2.8079   2.2919   4.2089  -4.9898
   0.6647   3.9586   0.4433  -3.1876  -2.9786  -4.4095   0.5183   2.4741   4.2909  -4.5175
>b (rhs) data
   24.0068
  -46.7376
    8.0160
  -43.0774
   49.1628
  -26.5755
   31.3832
  -15.2156
  -39.2495
  -20.9618
   -5.8295
   -7.8208
   38.4509
  -18.9231
  -49.0550
>c (costs vector) data
  -2.0032
   0.4330
  -3.6437
  -0.6817
  -3.0339
  -2.6920
   0.5834
  -0.9329
  -1.6904
   4.3071
>x -- known optimal solution
    4.1844
  -48.8002
  -32.7769
   42.3665
  -50.9618
  -15.1419
  -15.1746
   -3.2409
   19.1300
   -1.3633

# Optimal objective: 212.37
