# Randomly generated test case
# Case number: 40; Generated: Wed Dec 31 19:00:00 1969

# Parameters: n=10, m=15, a=10,b=100
>epsilon -- precision parameter
0.01
>A matrix data
   2.5867  -0.4717  -4.2686  -4.0385  -2.1131   1.1199  -0.1674  -0.8730  -3.2511  -2.8403
  -0.7346  -2.9941   0.7107  -3.4596  -3.3392  -1.0205  -3.3989   4.0513  -2.3619   0.9104
   3.5407  -0.2010  -2.0219  -4.2205   2.1685   0.2321   2.1459  -4.4459  -1.2629   1.2404
  -3.9012   3.2540  -2.4974  -0.8713   1.5893   4.9853   1.0964   4.1363   0.7039   4.0792
   1.5048  -3.1086  -2.7778   4.1187  -3.6745   3.9023  -4.1458   2.8762  -4.8333   4.4734
  -1.0000        0        0        0        0        0        0        0        0        0
        0  -1.0000        0        0        0        0        0        0        0        0
        0        0  -1.0000        0        0        0        0        0        0        0
        0        0        0  -1.0000        0        0        0        0        0        0
        0        0        0        0  -1.0000        0        0        0        0        0
        0        0        0        0        0  -1.0000        0        0        0        0
        0        0        0        0        0        0  -1.0000        0        0        0
        0        0        0        0        0        0        0  -1.0000        0        0
        0        0        0        0        0        0        0        0  -1.0000        0
        0        0        0        0        0        0        0        0        0  -1.0000
>b (rhs) data
   40.8042
  -44.5221
   31.8358
   32.3527
   -4.4032
         0
         0
         0
         0
         0
         0
         0
         0
         0
         0
>c (costs vector) data
  -1.7316
   1.8653
   1.3091
  -0.1199
  -1.5869
   4.5499
  -3.3868
  -0.6809
  -4.7411
  -0.9777
>Status flag:
UNBOUNDED