# Randomly generated test case
# Case number: 11; Generated: Wed Dec 31 19:00:00 1969

# Parameters: n=10, m=20, a=10,b=100
>epsilon -- precision parameter
0.01
>A matrix data
   3.1365  -3.7101  -3.6739  -2.5394   4.5517   1.5806  -0.3279   4.5105  -2.8490  -2.4623
   3.2196   0.5524   4.0541   0.3005  -3.8354   4.8413  -3.1375   1.0721  -2.0970  -0.0163
   2.7227  -0.2253  -3.5457  -1.5039  -1.3616  -4.2123  -3.7033   2.8826   3.0661  -3.5462
  -4.6068   0.1350  -1.4090  -0.1542  -2.5802   1.5826   2.7452  -0.6711  -3.8623  -3.6389
  -4.0601  -3.6813  -3.1806   0.8174   4.8209   3.9293   4.2062  -2.9472   3.7564  -2.5609
   4.2387   4.0317   0.8978   3.0563   3.9843   1.7813   2.1533  -2.8287   2.9073   2.6433
   1.8025  -0.0527   4.3014   2.7969   0.2978   0.4077  -0.1525   1.8887   1.0971   2.4989
   2.4441   3.4414   4.4569   3.3174  -1.9721   0.5160   0.4634  -0.6361  -1.9844   2.1034
  -0.5120  -2.9030   2.1392  -2.5405   2.2501   3.5538   2.4412  -4.7110   1.9328   4.0448
   0.5352  -4.3653  -0.9490  -2.9295  -0.3065   3.8123  -1.3527  -1.6235  -3.8173  -1.5569
  -1.0000        0        0        0        0        0        0        0        0        0
        0  -1.0000        0        0        0        0        0        0        0        0
        0        0  -1.0000        0        0        0        0        0        0        0
        0        0        0  -1.0000        0        0        0        0        0        0
        0        0        0        0  -1.0000        0        0        0        0        0
        0        0        0        0        0  -1.0000        0        0        0        0
        0        0        0        0        0        0  -1.0000        0        0        0
        0        0        0        0        0        0        0  -1.0000        0        0
        0        0        0        0        0        0        0        0  -1.0000        0
        0        0        0        0        0        0        0        0        0  -1.0000
>b (rhs) data
  -25.1299
   -4.8471
  -29.9104
   42.2658
   24.0371
   46.7350
  -12.1293
  -44.1429
   27.2555
   44.0444
         0
         0
         0
         0
         0
         0
         0
         0
         0
         0
>c (costs vector) data
  -3.9951
  -0.5646
  -4.5600
  -0.3653
   3.3049
  -1.5073
   2.4278
  -1.9856
  -2.4338
   0.8879
>Status flag:
INFEASIBLE