# Randomly generated test case
# Case number: 33; Generated: Wed Dec 31 19:00:00 1969

# Parameters: n=10, m=20, a=10,b=100
>epsilon -- precision parameter
0.01
>A matrix data
   4.7934  -4.6944  -2.2336   2.5403   0.6265  -1.6281  -0.7864  -0.8128   0.8720   2.6999
  -0.1435  -1.7231  -0.9076  -3.8256   0.4054  -1.6706   0.7872  -4.0349   4.4457   4.9944
   2.9961   2.0471   4.7915  -1.2914   0.3770  -1.1977  -3.1934   4.0950   0.7208   4.1874
   0.1943   2.5709  -0.4160   3.2303   4.1731   0.6235   3.9277   3.5232  -1.6556   0.7217
  -1.5445   2.8818   2.5323   0.4040   3.0527  -0.5329  -3.6073  -4.0430  -4.2579  -1.4369
  -0.6650   2.4836  -4.2406  -1.9228  -3.7589   2.8043  -4.8284   2.0830  -0.2314  -3.6179
  -2.3299  -2.9523  -2.0042   3.0173   2.5590   3.3522  -1.3698   1.7165  -2.1506   0.2202
  -0.8319  -0.0267  -2.8862   0.0792   1.4189   1.4308  -0.7722   4.2629  -0.8402  -0.5683
   4.9879   2.5403   1.5147   2.9624   1.8591   3.7982   0.4137  -1.6477  -4.1775  -2.3213
  -1.5963   3.1109   4.0911   2.4634   1.5620   0.0091   3.4207  -0.2040   2.1814  -2.4231
  -1.0000        0        0        0        0        0        0        0        0        0
        0  -1.0000        0        0        0        0        0        0        0        0
        0        0  -1.0000        0        0        0        0        0        0        0
        0        0        0  -1.0000        0        0        0        0        0        0
        0        0        0        0  -1.0000        0        0        0        0        0
        0        0        0        0        0  -1.0000        0        0        0        0
        0        0        0        0        0        0  -1.0000        0        0        0
        0        0        0        0        0        0        0  -1.0000        0        0
        0        0        0        0        0        0        0        0  -1.0000        0
        0        0        0        0        0        0        0        0        0  -1.0000
>b (rhs) data
   32.6708
  -27.4218
   -6.7271
   16.0269
   39.3476
   -9.6711
   -9.5806
   11.5882
  -21.1514
   24.9706
         0
         0
         0
         0
         0
         0
         0
         0
         0
         0
>c (costs vector) data
  -2.9503
  -0.4092
   1.3662
   4.2929
  -2.2810
   0.3572
   4.7692
   3.4130
  -1.4724
   2.3531
>Status flag:
INFEASIBLE