# Randomly generated test case
# Case number: 17; Generated: Wed Dec 31 19:00:00 1969

# Parameters: n=10, m=10, a=10,b=100
>epsilon -- precision parameter
0.01
>A matrix data
   1.6370  -1.2767  -0.7007  -1.6217   4.8956  -2.9181   2.2852  -0.2392  -3.1823   3.6533
   1.8973  -2.0337   2.7171   0.6606  -3.0395   3.2085  -4.1611   4.0766   3.2717  -1.0491
  -0.2443  -1.7939  -3.1809   4.6293   1.9920  -2.0392  -3.3107  -2.5619  -0.9553  -2.3436
  -3.2856   3.8079  -1.8644   3.8110  -3.1233   3.3158   1.4568   3.3177  -2.3583   3.8191
  -2.1755  -0.8848  -4.3047  -2.6618  -1.3257  -4.5198   4.4107   1.1004  -0.3060  -1.4806
  -3.9579   3.3335  -2.0641  -4.2216   2.8532   4.5318   4.3695   0.4914   2.8227   1.2770
   0.2253  -4.7434   4.7303  -4.0879   2.7517   2.7624  -4.0318   3.2824   4.0169  -1.5608
  -4.7619   0.1175  -2.9879   3.7607  -0.9466  -2.8334  -3.9212   4.9572  -1.7494   3.9815
  -3.6176   2.5766  -0.4034  -3.3969   4.9370  -2.1607  -4.6780  -1.8094  -2.9889  -4.5615
   1.1514  -1.4440  -0.4591   0.6698   0.9762   0.9756   0.1391  -2.5173   4.1490  -4.7752
>b (rhs) data
   29.7978
  -19.3834
  -12.7592
   -9.2688
  -28.8224
  -16.5961
  -14.1996
    0.9937
   -4.6543
   -5.2131
>c (costs vector) data
   4.6378
  -3.9460
   3.8682
   1.1996
  -1.1744
   0.2942
   0.8929
   0.2490
   1.9929
   1.8536
>Status flag:
UNBOUNDED