# Randomly generated test case
# Case number: 0; Generated: Wed Dec 31 19:00:00 1969

# Parameters: n=10, m=15, a=10,b=100
>epsilon -- precision parameter
0.01
>A matrix data
   2.4824   0.0039  -2.7533   2.1352  -1.4547   4.0769  -2.0122  -1.0988   1.2177   3.8868
  -1.9964   1.0911   2.8374   4.5756   0.4433   3.8553  -1.1651   2.1571   1.2750   3.3609
   4.4264   4.1045  -3.6422  -1.2056  -0.1077  -4.6528   4.8705   3.9436  -3.5039  -2.6806
  -3.7092  -4.0236  -0.4049  -0.9441   1.6674  -1.9787  -4.9352   2.2532  -0.9292   4.1611
   1.0383  -0.4206  -3.7656  -4.3773   3.7673  -3.2327   4.0227  -4.7334  -3.7214  -4.0293
  -1.0000        0        0        0        0        0        0        0        0        0
        0  -1.0000        0        0        0        0        0        0        0        0
        0        0  -1.0000        0        0        0        0        0        0        0
        0        0        0  -1.0000        0        0        0        0        0        0
        0        0        0        0  -1.0000        0        0        0        0        0
        0        0        0        0        0  -1.0000        0        0        0        0
        0        0        0        0        0        0  -1.0000        0        0        0
        0        0        0        0        0        0        0  -1.0000        0        0
        0        0        0        0        0        0        0        0  -1.0000        0
        0        0        0        0        0        0        0        0        0  -1.0000
>b (rhs) data
  -45.0400
    1.0463
   31.2212
   20.9754
  -14.6371
         0
         0
         0
         0
         0
         0
         0
         0
         0
         0
>c (costs vector) data
   4.7826
  -4.9349
  -0.5285
  -1.3951
  -4.6845
   2.0872
  -4.5325
  -2.5625
  -0.1299
  -2.9145
>Status flag:
INFEASIBLE