# Randomly generated test case
# Case number: 22; Generated: Wed Dec 31 19:00:00 1969

# Parameters: n=10, m=15, a=10,b=100
>epsilon -- precision parameter
0.01
>A matrix data
   0.8334   3.4726  -0.3291   1.5145   0.2756  -2.8854   2.5914  -2.0140   0.3174   0.2747
   0.1487   4.6736  -2.4403  -1.4394  -4.7326  -4.7183  -2.1448  -3.9540   1.6696   1.2934
  -0.2878  -2.2840  -1.6413  -1.3398   4.8516   3.0669  -3.3169   0.6406  -1.9073   0.1778
  -2.2744  -0.9904  -1.8487  -2.9771  -1.8777  -4.7236   0.6400  -1.9929   4.4021   0.8459
   3.4544   3.9376  -3.7950   2.9693  -1.1741  -4.3018  -2.1825  -3.2444  -3.8390  -2.6021
   2.8145  -2.3620  -0.4193   0.1908   2.9463  -2.5730   2.4979  -4.7358   0.8957  -4.6440
   3.6240  -1.7015   3.8614   0.0397   2.7852   4.6737  -0.5644  -4.8171  -3.1411   2.0478
   4.5918  -1.8055   1.4053  -2.0125   0.1344  -2.4785  -0.3388  -2.5452   2.8480   3.3366
  -1.0972  -0.1932   3.1034   1.0302  -3.8546  -2.3964  -1.4130  -3.3225   4.9318   1.2436
   4.0222  -3.6428   4.7050   4.9189  -3.0553  -4.4018  -0.1068  -0.2704  -4.5981   3.0619
  -0.3650   0.6924   2.8462  -4.2518   4.3933  -0.4787  -0.6416   3.5995   4.3904   1.4296
  -2.7323  -0.9619  -3.4905  -3.7378   4.0411   4.7798  -4.4776  -3.1935   2.5294  -4.8566
  -2.0835   2.0172  -0.2976   3.5243  -4.6484  -3.1800   2.7438   1.0079  -2.4120  -2.0037
   1.8118   1.6986   4.5298  -0.9039  -0.6400  -2.6541   0.0385   0.9869  -0.9894  -4.0459
   1.9984  -1.2412   1.1949  -1.2523  -4.4612   3.1179  -2.9382   1.9286   4.8240   2.8323
>b (rhs) data
  -10.9379
  -10.6946
   14.2914
  -44.3618
   13.7528
   30.8000
   -5.9970
  -25.7198
   43.4313
    0.1986
  -14.8048
    2.6364
  -23.0915
    5.7481
   30.2923
>c (costs vector) data
   3.5415
  -2.1904
   4.8330
  -3.8515
  -1.1885
   4.2336
  -0.3119
   1.0375
   1.3942
   0.9674
>Status flag:
UNBOUNDED