# Randomly generated test case
# Case number: 19; Generated: Wed Dec 31 19:00:00 1969

# Parameters: n=10, m=10, a=10,b=100
>epsilon -- precision parameter
0.01
>A matrix data
  -1.3752   4.0266  -2.0714  -1.4251  -2.4973   3.9689  -3.9037  -4.6436   1.4383  -0.9830
  -0.4195   2.8989   0.5889   4.1722  -2.4340  -3.2699   4.9250  -0.5061   4.2657   1.1123
  -3.4835  -1.0712   0.3933  -3.0786   2.0892  -1.6383  -2.3406   4.3010  -4.4354   1.5816
   1.4765  -1.5360   3.1970  -4.8212  -0.0946   4.0289   1.4343   0.4905   0.3219  -3.3028
  -0.8980  -4.5924  -2.3992  -3.2512   3.1321   4.2795  -1.2300  -3.4028   1.6510  -2.8546
   0.9748  -2.1057  -4.1651  -1.8329   1.2272  -3.8321  -3.6462  -3.8020  -2.7188   4.3429
   2.8050   2.1439   1.8911   1.6918   4.9408   0.0490  -3.2617   1.5544  -0.3882  -1.8789
  -4.8419  -0.1210  -0.7523   2.8958  -3.7051  -1.0099   4.9338  -3.8034   3.1139   2.3145
  -2.7942   2.7685   1.5882  -1.7041   1.5793   3.6604  -4.4466  -3.8754  -4.2535  -4.4113
  -0.5231  -2.8434   0.0211  -0.9173   3.3753   4.8391   3.5386  -0.4457   4.0856  -3.5867
>b (rhs) data
   -0.0497
   35.2982
  -42.1961
  -23.5352
   19.0862
   31.4174
   -6.7759
  -13.6185
  -21.2406
   21.9864
>c (costs vector) data
  -2.5112
   1.7823
   2.8799
   1.4213
  -2.5615
   1.0112
   0.7695
  -4.3015
  -3.2619
  -4.2890
>Status flag:
UNBOUNDED