# Randomly generated test case
# Case number: 45; Generated: Wed Dec 31 19:00:00 1969

# Parameters: n=10, m=15, a=10,b=100
>epsilon -- precision parameter
0.01
>A matrix data
  -4.6936  -4.1205   1.8211  -1.1977  -2.7782   0.7095   0.7505   3.6533   4.3944   3.3702
  -4.5405   3.9991   4.9797   1.8005   4.3447   3.0990  -2.3845  -2.2712  -2.1604   4.7198
  -4.2859   3.3009   1.9390   1.7138   4.3890  -2.3983   1.2770  -4.2076   1.7982   0.1303
  -0.4401  -3.1138   2.9955  -3.9092  -2.7129   3.9104  -2.2563   4.5510  -3.5610   3.9613
  -3.8782  -4.5236  -3.1958   0.5155  -0.6672   1.1794  -0.4741  -1.9801  -4.2669  -0.2019
  -1.8342   2.3595  -3.5101   0.3856  -4.0727   4.0448  -4.5999   4.1778  -0.3112   1.1943
  -0.9807  -4.0213  -1.3355  -0.8470   1.5981   1.3339  -3.8978   0.6010  -3.7677   4.1465
  -0.8306  -1.9110  -1.9053  -4.9925  -1.6495  -3.6567   4.1485  -2.1612   4.9489  -2.3248
   3.0992  -3.4001   3.1557   4.2282   1.3491  -2.7105  -2.5033   0.4004  -4.5950  -3.9045
   1.8452  -0.6212   1.4299   3.9442   3.2221   0.9759  -3.9879  -2.5038   2.6161  -2.6830
   3.2517   0.5280   4.4165  -1.5525   0.7402  -4.2905  -0.9705  -2.2654  -2.6559  -0.1318
  -4.8741  -3.3466  -0.1775  -0.6374  -4.7696  -0.7334   0.6212  -3.2821   1.9468   3.9849
  -2.5309  -2.7534   1.2176   0.3237   0.9307  -0.0970  -4.2364   0.6824  -0.4039  -2.8926
  -0.5522   4.9833   0.5103  -3.0981  -1.0314  -4.4221  -4.9709  -1.9362  -0.8649  -1.1450
  -1.6895  -4.4020   3.1566  -0.6523  -1.2215  -4.9746  -1.4286   2.8935  -3.0739   4.6852
>b (rhs) data
  -38.2637
   23.2740
   19.5714
   -6.6763
   23.7779
  -11.3205
  -45.6992
   42.9138
  -26.7145
    8.0772
  -17.3398
   36.6120
   13.4881
    8.8987
   17.7564
>c (costs vector) data
   0.1335
  -3.5902
   0.9067
   0.5221
  -3.6892
  -1.8376
   3.3264
  -2.0560
   0.2155
  -4.0727
>Status flag:
UNBOUNDED