# Randomly generated test case
# Case number: 31; Generated: Wed Dec 31 19:00:00 1969

# Parameters: n=10, m=25, a=10,b=100
>epsilon -- precision parameter
0.01
>A matrix data
  -4.3559   2.2344   1.9554   3.8875  -2.4718   2.6238  -4.9157  -3.0213  -3.5341  -4.1956
  -3.4711   1.9245  -2.3540   0.1921  -4.8372  -3.9645   1.5451   3.9929  -0.7234  -0.6657
  -2.1017  -3.9359   0.4092   1.3563   4.2521   2.7071  -3.1425   0.7680   2.7489  -1.9745
   2.6372  -0.7535   4.4289  -3.1430   2.5038   4.7870  -4.8499   4.8702  -4.3382   4.1861
   3.3998  -4.3132   1.5603   2.9213  -1.9256  -1.7848   1.5336  -4.7348   4.4839  -1.7419
  -4.7372   0.0136  -4.4617   0.5782  -4.3735   4.4522   4.2195  -1.2055   1.3869  -1.9025
   0.4062  -3.2800  -1.4873  -1.6125   4.2859  -3.6691   0.4346   1.6092  -0.4477   3.8836
   4.5977  -1.3445   2.0855  -2.5311   3.9017   3.1931  -3.3185  -1.9151   4.1165   3.9463
   1.1081  -3.1853   0.1174  -3.3874  -0.7655  -2.1243  -1.3222  -2.9444  -3.4346  -2.9789
   3.6865   1.7592   4.5526  -0.9723   2.0736   4.2171  -2.5199   0.1750   2.4047  -4.4566
  -4.9267  -1.6590  -4.7833  -4.1998   2.7435   1.4577  -0.9249   3.7005  -1.5020  -0.4662
   0.1810   3.9586   4.8846  -0.1096   3.9180   4.1566   3.5474   3.9586  -1.8834  -1.8897
  -4.4961  -1.7089   3.1502  -4.1563   4.0773  -0.5247   3.4776  -3.0876   2.3634   4.4256
   2.8386   2.8279   0.0455   0.0825   2.5757   1.7717   4.0761   3.1908  -1.0537   3.7151
  -2.4695   0.0586   4.1004   3.3521  -3.2236   1.7620  -2.8268  -4.5814  -4.5442   3.9390
  -1.0000        0        0        0        0        0        0        0        0        0
        0  -1.0000        0        0        0        0        0        0        0        0
        0        0  -1.0000        0        0        0        0        0        0        0
        0        0        0  -1.0000        0        0        0        0        0        0
        0        0        0        0  -1.0000        0        0        0        0        0
        0        0        0        0        0  -1.0000        0        0        0        0
        0        0        0        0        0        0  -1.0000        0        0        0
        0        0        0        0        0        0        0  -1.0000        0        0
        0        0        0        0        0        0        0        0  -1.0000        0
        0        0        0        0        0        0        0        0        0  -1.0000
>b (rhs) data
   42.2018
   -5.6504
   -7.2109
   30.3664
   14.5697
   41.6616
   15.9642
   34.8770
    5.2216
  -31.5588
  -37.7516
  -49.8512
   28.1784
  -17.0185
  -40.8673
         0
         0
         0
         0
         0
         0
         0
         0
         0
         0
>c (costs vector) data
   0.9031
   3.2855
   0.2221
   1.1758
  -2.7192
   2.8933
  -0.1277
  -0.1928
   0.2094
  -0.2706
>Status flag:
INFEASIBLE