# Randomly generated test case
# Case number: 16; Generated: Sun Nov 19 05:44:16 4461606

# Parameters: n=10, m=15, a=10,b=100
>epsilon -- precision parameter
0.01
>A matrix data
  -2.0865  -2.7655  -1.5919   4.2979   1.0132   0.9983   0.2925  -0.9060  -2.1044   0.2549
  -1.5982  -2.6910  -0.3561  -1.6398   3.2542   2.6525  -2.9791  -4.3253  -0.1070   0.8385
  -1.0329   2.8083   2.2527   3.2877   4.4093   4.0735  -1.4853   3.5355  -4.1733  -4.7437
   3.7063   3.3960  -0.2174  -4.3823   3.0279  -1.2471   1.3608   0.5432   2.3197   3.9774
   0.9034   4.0867  -1.2289  -3.3276  -4.6013   4.4893   4.9950   4.5429   1.3379   1.1591
  -1.5032   0.3079  -2.2372  -3.7953  -4.6384   3.4655   1.3087  -0.5461  -2.1777  -2.5297
   3.2744  -3.2936  -1.0170   0.2076  -1.0028   3.0331  -3.1874  -3.4458   1.5943  -3.5431
  -2.1497   3.5768  -2.1650  -0.3355   2.0928   2.5333  -1.7972   3.2463  -3.7916   4.7242
   3.6864  -3.8406  -3.5790  -0.7102  -2.3181  -1.4803   0.1052   4.9375   3.9954  -1.6625
   4.7962   0.4276  -4.4331   1.1058  -0.3108   2.5070  -1.4741  -1.2984  -1.0626  -3.9356
   4.4109   4.6273  -4.5912   2.1191  -3.9674   2.1091   0.5100  -3.0078   1.4434   4.8378
  -1.9654   0.8989   1.0670   2.6515  -0.8494   3.8673   4.2087  -1.6415  -3.7251   0.2099
  -1.0868  -0.6569  -4.4693   2.3275   4.0402   0.5750  -0.3525  -3.2146  -3.5622   2.1135
   4.7985  -0.6839   3.4821  -1.3060  -4.8747  -2.8484   0.1185   3.9664   1.6798  -3.7237
   2.7753  -4.5983  -4.7383   1.8244   0.9716   3.9750  -4.7293   1.7749  -3.9116  -2.0227
>b (rhs) data
   43.8644
  -34.4065
   15.9333
   22.6102
    2.9838
   31.5573
  -12.7778
   16.4304
   11.2800
  -31.0557
   -0.9802
   33.5233
  -24.4997
   18.3632
   46.2089
>c (costs vector) data
  -0.3520
  -0.4290
  -0.4145
  -1.5934
   2.4133
   0.2562
   3.6570
   1.3847
  -4.8171
   1.5754
>Status flag:
UNBOUNDED