# Randomly generated test case
# Case number: 13; Generated: Wed Dec 31 19:00:00 1969

# Parameters: n=10, m=15, a=10,b=100
>epsilon -- precision parameter
0.01
>A matrix data
   0.3420   3.4081   2.5125   2.3890   0.1182  -3.0998  -2.2334  -2.1933  -4.2217  -0.4428
   3.8768  -1.5349  -2.3201  -1.7749  -4.9008   3.0285   4.5220  -4.9614  -2.1979  -2.0063
  -2.0737  -3.8535   0.1676  -3.8770   3.7889   4.4614   2.8833  -1.0079  -4.9627   3.1266
  -0.5197  -0.6323   3.5831  -1.1428  -2.7835  -0.4989  -3.3872   1.8684   2.5921  -2.9518
   2.3319  -3.9181  -0.5876   3.0327  -0.7216   0.2078  -1.6122   4.1796  -3.2371  -2.5465
  -1.0000        0        0        0        0        0        0        0        0        0
        0  -1.0000        0        0        0        0        0        0        0        0
        0        0  -1.0000        0        0        0        0        0        0        0
        0        0        0  -1.0000        0        0        0        0        0        0
        0        0        0        0  -1.0000        0        0        0        0        0
        0        0        0        0        0  -1.0000        0        0        0        0
        0        0        0        0        0        0  -1.0000        0        0        0
        0        0        0        0        0        0        0  -1.0000        0        0
        0        0        0        0        0        0        0        0  -1.0000        0
        0        0        0        0        0        0        0        0        0  -1.0000
>b (rhs) data
  -16.9795
   14.3381
  -46.7193
  -31.6163
   22.5879
         0
         0
         0
         0
         0
         0
         0
         0
         0
         0
>c (costs vector) data
   3.0912
  -1.6377
  -0.4437
   1.7735
  -4.3420
   1.3436
   0.9976
  -2.1677
  -3.9546
   0.0647
>Status flag:
UNBOUNDED