# Randomly generated test case
# Case number: 41; Generated: Sun Nov 19 05:44:16 4461606

# Parameters: n=10, m=15, a=10,b=100
>epsilon -- precision parameter
0.01
>A matrix data
  -4.8458  -3.9087  -2.8224   1.7615  -3.7115   0.5850  -3.8307   1.4391  -0.7223   4.6335
   1.5120  -4.3902   0.7314  -4.8609  -4.1258  -3.2210  -1.8606   1.5378   2.7008  -3.2045
   3.7206  -1.9016  -2.8996  -4.3254  -0.9293  -4.3008  -3.1578   0.0085   3.1107   2.4890
  -0.7162   4.2834   0.3363  -4.7556   3.4148   4.8230   3.5759  -1.6628  -2.8152   0.4528
  -3.2105  -2.4864  -0.0926  -1.2981   1.4972   3.0529  -4.9911  -1.3031  -4.5099  -1.0949
  -1.7832  -4.6038  -4.2921   4.8515  -1.8847  -1.0467  -3.9211  -1.7304   4.0496   2.5605
  -4.0060  -4.3200  -0.3998  -2.4539   2.8242   0.0788   4.2844   3.0322   1.8188   0.5433
   2.0558  -1.2520  -1.2058   0.0153   0.5867  -0.7073  -1.1421   2.0776   0.8433   3.0788
   3.7731  -0.5310   1.2114  -0.1737  -3.8803  -2.3935  -1.7505   2.5784  -3.7010  -3.1555
   4.9398  -4.4411   1.5633  -1.0341   2.9730  -3.2950  -0.2069   2.8281   4.4236   1.9332
   1.0135   3.2054   4.1090   4.9929   2.0458  -4.8952   1.8474   2.8372   0.5682  -0.2225
  -3.0572  -1.9048  -0.5107   1.2678  -3.9143   2.4830   4.0868  -1.0829  -1.7710   0.7340
  -0.8947   2.6565   0.6641   0.5471   1.1942   0.1266  -1.3430  -1.8896  -3.0257   1.1898
  -0.3975   0.3360   1.0445   0.1319   4.7047   1.2903   1.9705   1.5590   0.1651  -1.8506
   3.7378   0.9272   1.8565   0.1383   2.2688   3.6539   2.5570   2.1046  -2.7237  -2.4319
>b (rhs) data
   38.9776
   10.2415
  -26.3948
   14.6654
   16.1519
   31.4524
    8.4194
  -13.3934
  -15.9833
  -20.6380
  -16.7884
   32.4987
   37.3190
    0.1129
  -35.1163
>c (costs vector) data
   1.8613
  -2.0007
   3.1965
  -1.3197
   1.3434
  -0.3306
   0.2606
   0.9958
   4.6919
   3.4064
>Status flag:
UNBOUNDED