# Randomly generated test case
# Case number: 28; Generated: Sun Nov 19 05:44:16 4461606

# Parameters: n=10, m=15, a=10,b=100
>epsilon -- precision parameter
0.01
>A matrix data
   0.7600  -0.5429   4.4205   3.5474   0.1775  -1.8571  -1.6391  -3.3670   1.3460  -3.8683
   3.2271   0.1601   3.0757  -0.7114   3.4749   3.4366  -1.5923  -4.1570  -3.1809  -1.6677
   4.9922   2.3235   3.5999  -3.4506  -1.3246   1.5537   0.0942  -3.7707   0.9253   0.0104
  -0.9965   1.8865  -0.7574  -2.6500  -4.2816  -1.7232  -3.2594   2.7089  -4.1503  -0.5212
   4.0348  -1.4482  -0.5412   3.2267  -0.1160   1.7718   3.3321   1.2362  -1.3202  -0.2034
  -3.5956   0.5985   4.3349   1.7733  -4.6219  -3.3773   2.0860   2.6445  -4.3939  -2.4090
   2.8209   2.1365   1.4458   2.3253  -4.5565  -0.4810  -2.3306  -2.0317   2.9077   0.8767
  -4.3340   3.4449  -2.0349   2.0019  -0.1534   0.9442  -4.3361   0.6053   2.4286  -3.6008
  -1.1578  -1.0364  -3.7943  -4.4170  -3.4518  -4.1274  -0.1086  -0.8829   2.3161  -0.9146
  -0.5039  -2.4364  -0.3935  -4.2725   4.3669   4.6489  -1.0091   3.3228   2.0564  -2.8574
  -3.1002  -1.3479  -2.7421   1.2717   4.0674   1.7281  -3.7686   4.7462   4.9935  -0.9241
  -0.2727  -4.7878   3.7053  -3.2436  -0.9092   4.6960  -1.4027   3.3465  -0.4126   0.2817
  -3.1876   1.3238  -3.0640  -0.1972  -3.4274   4.7391   1.3162  -3.0371  -3.0537  -1.6540
  -4.9070   3.6425  -2.7073  -0.0254  -4.5964  -1.1651  -4.0098   2.4455   1.8351  -2.7434
   2.6173   1.3048  -2.0717   4.2099   3.6916   1.4643   4.1021  -2.6603   3.0772   0.9701
>b (rhs) data
   -2.6778
   14.2197
   12.3600
    7.0827
   24.4162
   35.0770
  -14.3968
   -7.4856
  -18.7030
  -28.5216
   37.5742
   20.1452
   16.1788
  -31.1457
  -38.4665
>c (costs vector) data
  -2.6104
  -1.1510
   1.1574
   3.8081
   4.4908
  -1.4165
  -2.5881
   1.8386
   1.0988
  -2.5574
>Status flag:
UNBOUNDED