# Randomly generated test case
# Case number: 23; Generated: Wed Dec 31 19:00:00 1969

# Parameters: n=10, m=15, a=10,b=100
>epsilon -- precision parameter
0.01
>A matrix data
   2.9465  -3.4682  -0.4035   0.2229   0.7786  -2.6584  -3.4937  -1.8595  -4.8486  -4.3264
  -2.2542   1.3579   0.4300  -4.1573   1.4449   3.5197  -2.3032   2.5625  -0.8096  -1.8806
   4.1846   0.5671   1.7712   2.3703   4.9360  -1.5308  -2.5966   1.5574   3.7545   4.0454
   3.1281  -3.6397  -2.2711   0.4121   2.0966   1.5787   4.2392  -0.5751  -3.8497  -3.6541
   0.0213   2.6016  -3.7530  -2.7905   3.5581  -1.0444   0.7206  -4.0861   4.5275  -2.2856
  -2.1253  -2.6157  -4.5981   0.2631  -4.1959  -0.4951  -3.6204   4.2649  -1.8212  -3.2816
  -0.4885  -3.4172  -3.4384   4.3489   4.2109   0.7672  -0.4353  -4.6331   2.5585   0.0996
  -0.2409  -3.6362  -1.1466  -2.6134   3.7208  -3.5506   2.3631   0.2117  -0.4381  -2.6114
   2.9018  -0.6362   2.9990   4.8119   4.5914   1.7400   4.4568   1.5972  -2.0208  -2.2137
  -4.2831   4.0944  -4.4737   1.7474   3.1313  -2.3068   3.4252  -3.5261  -3.8547  -3.8472
   0.3198  -0.4556   4.9024   1.5933   2.5134   2.2794   2.1655   2.8714  -0.6823   4.6459
   2.5932  -4.9327   2.8931   4.1550  -1.5430  -0.8781  -1.5932   4.8476   2.7153  -3.9123
  -1.1421  -1.0489  -4.9764  -2.2787  -4.9848   4.1492  -2.9277   3.5345   2.3813  -4.9265
   3.1773  -4.1388   0.0347   4.3642   0.5017   1.9648  -0.4594   1.7160  -1.7834  -1.6819
  -1.3465  -2.8671   0.3010  -3.6444  -1.4306   1.1910  -3.8496  -3.1716   3.6322  -2.9211
>b (rhs) data
  -10.5298
   29.4960
   11.2402
   27.5730
   -7.4411
   29.4845
   -3.3772
  -31.3875
   25.4777
  -40.9976
  -27.9089
   -8.0394
  -18.8293
  -46.9175
    4.0550
>c (costs vector) data
  -0.3004
  -3.6790
   3.4468
   2.4761
   4.3837
  -0.5032
  -4.3550
  -4.1966
  -0.3985
   4.5368
>Status flag:
UNBOUNDED