# Randomly generated test case
# Case number: 43; Generated: Wed Dec 31 19:00:00 1969

# Parameters: n=10, m=15, a=10,b=100
>epsilon -- precision parameter
0.01
>A matrix data
   3.2005   0.3735  -3.1474  -0.1618   1.4690  -1.7037   4.0513  -2.9809  -0.8475  -1.9428
  -2.6184   3.4526   0.7879  -4.8822   4.6271  -2.3291  -1.9683  -0.7137   0.0092   1.0833
   1.0853  -3.2377   0.6390   1.9246  -3.7804   2.1433   3.0858   1.1113   0.8979  -4.6343
  -4.5668  -1.8222   1.8534   1.5808  -4.1355  -0.3766  -1.3238  -2.2092   1.7904   3.1685
  -2.4325  -2.2184   2.0932  -1.7163  -4.8654  -1.2143  -1.7492  -4.7269   0.9739  -3.4129
  -1.0000        0        0        0        0        0        0        0        0        0
        0  -1.0000        0        0        0        0        0        0        0        0
        0        0  -1.0000        0        0        0        0        0        0        0
        0        0        0  -1.0000        0        0        0        0        0        0
        0        0        0        0  -1.0000        0        0        0        0        0
        0        0        0        0        0  -1.0000        0        0        0        0
        0        0        0        0        0        0  -1.0000        0        0        0
        0        0        0        0        0        0        0  -1.0000        0        0
        0        0        0        0        0        0        0        0  -1.0000        0
        0        0        0        0        0        0        0        0        0  -1.0000
>b (rhs) data
    7.4080
  -17.7991
  -31.7710
   10.8737
   19.4339
         0
         0
         0
         0
         0
         0
         0
         0
         0
         0
>c (costs vector) data
   2.3455
  -4.5187
  -3.4130
   3.6303
   2.2564
   4.8445
   3.8351
   1.4160
   4.6271
   0.0387
>Status flag:
UNBOUNDED