# Randomly generated test case
# Case number: 42; Generated: Wed Dec 31 19:00:00 1969

# Parameters: n=10, m=10, a=10,b=100
>epsilon -- precision parameter
0.01
>A matrix data
  -2.8383  -0.9990  -2.2541  -2.1896   4.0389   0.4694  -2.5980  -1.5846  -2.4213  -0.4043
  -4.8270   2.9695   2.3148   3.4244   4.1633   4.1259   2.2693  -0.3762  -2.0651  -1.8741
  -2.2435   3.3594  -2.0713   2.1286  -3.3666  -0.6985  -0.5963   1.2661   4.3824  -4.9034
   2.1083   3.3258  -2.6028   2.8503   4.0012   2.3429  -3.0165  -1.8691   2.7335  -2.2612
   1.4672   1.2176   1.3365   0.3396  -3.8491   2.1939   0.4312  -2.1269  -0.2163  -1.7722
   3.4843  -2.7386  -1.0930   3.9299   1.4038   4.5231  -0.6665   2.8685  -3.0021   4.8276
   0.7680   1.4798   0.8688   1.9953   3.0929  -4.1945   2.8686  -2.5691   3.4464  -1.4757
  -2.6689  -1.0202   3.0653   2.7902  -3.2129  -2.4636   2.2594   1.8569   0.8634  -2.2914
   0.1340   2.4996   3.6106   0.3167  -4.3075  -2.5914   3.1103   4.0430  -1.5856  -4.1074
  -2.8731   1.2259   4.2046   3.7488  -1.2599  -3.4190   0.8513  -3.6312   1.2596   2.2317
>b (rhs) data
  -49.3723
  -16.4733
  -10.2837
   42.8920
   -5.7078
  -38.0930
   27.0642
    5.4622
  -11.2948
  -14.7421
>c (costs vector) data
   0.5117
   0.1374
   4.4594
  -0.3744
   1.8351
   0.5073
  -2.7870
  -1.9103
  -3.8660
  -2.3386
>Status flag:
UNBOUNDED