# Randomly generated test case
# Case number: 22; Generated: Wed Dec 31 19:00:00 1969

# Parameters: n=10, m=20, a=10,b=100
>epsilon -- precision parameter
0.01
>A matrix data
  -0.9512  -1.8517   1.2058  -1.7932  -4.2355   2.0158  -1.8015   2.7463  -1.0016  -1.2140
   2.3615   4.2385  -2.3816  -0.3229   3.2322   0.9535   2.1883  -1.9787  -1.3736  -3.1542
  -3.6119   4.0040   4.3370   0.1837  -3.9394   2.4243   1.5599   0.9372  -1.3786   3.3152
   3.6603   2.5588   1.7364   3.1755  -3.8836   2.7071   0.6118  -2.5394  -1.0268  -2.6627
  -1.7638   3.8076   1.5058   3.2857  -1.8886   4.4851  -2.1815   4.7583   2.5818  -1.8436
  -4.4106  -4.0990   4.1633  -2.9781   3.6981   4.3232   1.0968  -0.5772  -0.8163   2.0047
   3.1816  -3.4008  -3.1336  -1.2415   1.3876   3.0839  -2.6919   1.2205   0.7450   4.9453
  -0.3722  -0.7819  -1.4874   3.7668  -1.0233  -0.9342   1.5801   0.6930   3.3602   3.5224
   2.4479   4.0068  -1.1091  -3.9336   1.5068  -0.7581   0.7764   2.3996   0.0725  -4.7360
  -1.0362   3.0043  -1.4008   2.9260  -3.4798   3.6516   3.7383   2.0937   0.4151  -2.4634
  -1.0000        0        0        0        0        0        0        0        0        0
        0  -1.0000        0        0        0        0        0        0        0        0
        0        0  -1.0000        0        0        0        0        0        0        0
        0        0        0  -1.0000        0        0        0        0        0        0
        0        0        0        0  -1.0000        0        0        0        0        0
        0        0        0        0        0  -1.0000        0        0        0        0
        0        0        0        0        0        0  -1.0000        0        0        0
        0        0        0        0        0        0        0  -1.0000        0        0
        0        0        0        0        0        0        0        0  -1.0000        0
        0        0        0        0        0        0        0        0        0  -1.0000
>b (rhs) data
  -33.8473
  -24.6329
  -14.8604
   45.7815
  -48.3367
   35.5924
  -46.1674
  -31.9919
   28.5603
  -14.0560
         0
         0
         0
         0
         0
         0
         0
         0
         0
         0
>c (costs vector) data
   0.4615
   0.3588
  -1.4021
   0.0255
   0.9438
   0.9855
  -4.0605
  -1.5840
  -4.6853
   2.5449
>Status flag:
INFEASIBLE