# Randomly generated test case
# Case number: 16; Generated: Wed Dec 31 19:00:00 1969

# Parameters: n=10, m=10, a=10,b=100
>epsilon -- precision parameter
0.01
>A matrix data
  -0.0194   3.9373   0.7208   0.9419   0.3851  -1.4099   3.8750  -1.7497   0.2747   1.3466
   3.4345   4.0626   1.1873   2.7681  -2.4726   3.9542   0.9010   3.2462   4.0658   2.8157
  -0.0393   1.9132  -2.6910   1.5079   4.2001   2.8683   2.4046   2.9797  -0.0784   2.1437
   4.9739  -0.7922  -3.8441  -2.7284   2.5876   4.9123  -3.3875  -3.4690  -4.9393  -2.2478
  -4.2374  -0.9086  -0.8226   0.2396   1.8009   3.9519   0.6987  -0.2129  -3.8458   2.0255
  -1.2385   0.6958  -3.1800  -0.9913   4.2302  -2.7113  -1.9697   4.8602  -0.5531  -3.7027
   0.7150  -3.9220   1.9017   0.6671  -1.7820  -1.4063  -2.2370   2.6538   0.0938  -3.1019
   1.5754  -3.4966   2.6905   4.4085   2.0824  -4.9196   3.8294   4.0254  -4.1666  -0.4524
  -4.7271  -1.9525   4.0296  -3.4305   3.9267  -4.8276   2.7767  -1.4415   1.9849  -4.7901
  -2.8865   3.5604  -2.3852   3.5188  -1.5904  -1.6008   0.4693   2.6722  -0.1302   4.4286
>b (rhs) data
    6.2911
   17.8946
   29.0672
   38.3964
   41.1267
   38.8607
  -12.9844
   -7.5703
   39.2078
   36.3987
>c (costs vector) data
  -4.1922
  -1.9113
  -3.5006
   2.6064
  -2.0000
   4.0717
  -0.6815
  -4.1479
   0.3321
   4.4521
>Status flag:
UNBOUNDED