# Randomly generated test case
# Case number: 30; Generated: Wed Dec 31 19:00:00 1969

# Parameters: n=10, m=15, a=10,b=100
>epsilon -- precision parameter
0.01
>A matrix data
   2.2158   3.9715  -2.9974   2.4513  -1.2535  -0.5230  -1.2221   2.3557   4.1587  -2.7728
  -1.5163  -1.2949  -3.7495   2.6685   3.0690   1.8598   1.4519  -4.5058   4.4627  -1.7611
   3.6396  -4.9480  -1.0001   2.0976  -1.5338   4.3032  -2.5117   2.6828   4.1620   4.3357
   4.8287  -1.9721   2.8531   0.1045  -1.9031  -2.6968  -4.1597   0.9834  -3.2571   1.0223
  -4.9218  -0.9195  -1.0235  -3.5787  -2.4153   4.4891   4.1431  -2.3660  -3.6363   3.0646
  -1.0000        0        0        0        0        0        0        0        0        0
        0  -1.0000        0        0        0        0        0        0        0        0
        0        0  -1.0000        0        0        0        0        0        0        0
        0        0        0  -1.0000        0        0        0        0        0        0
        0        0        0        0  -1.0000        0        0        0        0        0
        0        0        0        0        0  -1.0000        0        0        0        0
        0        0        0        0        0        0  -1.0000        0        0        0
        0        0        0        0        0        0        0  -1.0000        0        0
        0        0        0        0        0        0        0        0  -1.0000        0
        0        0        0        0        0        0        0        0        0  -1.0000
>b (rhs) data
  -10.3330
   29.6168
   18.0554
  -24.7717
   12.5415
         0
         0
         0
         0
         0
         0
         0
         0
         0
         0
>c (costs vector) data
  -4.8115
   3.4143
   1.0850
   0.2102
  -3.3459
  -3.7203
  -1.8730
  -2.6371
  -0.0810
   2.1719
>Status flag:
UNBOUNDED