# Randomly generated test case
# Case number: 49; Generated: Sun Nov 19 05:44:16 4461606

# Parameters: n=10, m=15, a=10,b=100
>epsilon -- precision parameter
0.01
>A matrix data
  -1.2832  -1.9148   4.6223   1.9110   3.4697   1.1873  -2.5470  -2.1416  -1.7849  -1.9096
  -1.7337   1.1254   2.5423   2.3562  -1.8830   3.2835  -4.0777  -4.4542   4.5554   0.3161
  -1.4188   3.6696  -4.6870   4.8297  -2.3708   4.8014   2.0517   2.0503  -2.7408   3.4770
   2.2624   2.1345   2.3059   4.3984   1.8516  -1.5254  -2.5589  -0.7866  -3.0975  -4.9462
   3.1286  -4.0832   1.5434   2.5928   3.9624  -2.0487   4.2932   2.0148  -2.1929   2.5373
   4.7225   1.1920   4.6528   4.6244  -1.8169   4.3646  -4.8655  -3.2048  -1.6855  -2.2338
  -4.3009   4.1751   2.9944   3.2757  -4.7826  -4.8746  -3.8504  -3.5841   1.2637  -0.4359
  -1.9707  -3.1411  -3.1632  -1.8873  -0.3245  -1.4066   3.5052   1.5181   0.2420  -3.6864
   4.7915   4.1308  -3.3785   2.6555   2.0186   4.8260  -3.2645  -4.7493  -1.5571   2.8880
   1.4969  -0.2176   4.4622   2.1305  -2.7171   3.7452  -4.0243  -4.1627   4.2855  -1.9131
  -3.1191   2.2258  -1.4421   1.0212   2.7808  -3.4778   2.9972  -4.4997   4.0372   3.9639
   4.7808   0.6502  -0.5236   3.9197  -3.6069  -3.6662  -3.4113   4.8847   0.4959  -4.3008
  -0.4911  -1.5787  -2.2585   3.0420   2.4082   3.9134   2.3392   3.3447  -0.5052  -4.1452
   2.5460  -4.1295  -1.6095  -1.4022  -3.9756   0.6249  -1.7713   4.4302   1.8846   2.1682
   0.2927   3.4383  -4.1940  -2.7484   1.2326  -2.7392   0.2290  -0.1949  -2.5570  -4.8909
>b (rhs) data
   -5.4072
   41.1622
   28.9934
   -5.6697
  -28.1524
   -9.2932
   38.6845
  -45.4714
   32.5435
    3.4878
  -18.9254
   27.9667
   37.4194
  -21.5813
  -23.7969
>c (costs vector) data
  -4.1284
  -2.1648
  -3.9329
   0.4775
  -0.6218
  -4.2486
   4.3484
   1.0948
   2.9704
   3.2350
>Status flag:
UNBOUNDED