# Randomly generated test case
# Case number: 27; Generated: Wed Dec 31 19:00:00 1969

# Parameters: n=10, m=10, a=10,b=100
>epsilon -- precision parameter
0.01
>A matrix data
   0.9507   1.5762  -0.0294  -2.8015  -4.3124  -2.4122   2.5308   1.4357   2.0093   4.0612
  -0.6019   4.5618   2.2576   1.0229   1.7265  -1.6785  -3.3178  -4.2236   2.5977  -3.6838
  -2.9785   4.7284   2.5763  -2.8410   3.6174   2.3874  -0.7153  -2.8609   2.0022  -4.5349
  -3.9861  -2.1314   4.9786  -2.9643   2.6408   2.4269  -0.1840   3.7796  -3.5347  -4.8722
   4.6142   4.7124   3.5483  -4.3070   0.7129   3.4311  -1.8510   3.5511  -1.6461  -1.9744
   3.5395  -4.8624   0.1257  -0.9975  -1.6896   1.0734  -0.2725   1.9388  -2.6480  -1.9073
   2.0613   0.4288  -1.2130  -4.1520   0.0374   3.7076  -4.9529   0.4394   2.7861   2.3968
   4.7708  -0.0217   1.4646   1.4487   2.8350  -3.4393  -4.4137  -3.9315   0.1787  -4.0833
   3.5033  -4.6288   2.9046   3.7403   3.1261  -2.8963   4.6702  -1.4759  -3.3937  -4.1636
  -1.8709  -1.7595   3.0707  -3.8263  -1.4745   3.5526   1.8457  -1.4592  -0.0975  -1.8388
>b (rhs) data
    2.0500
  -28.3800
   39.2075
   19.2227
   -1.4045
   47.7659
  -46.4475
  -17.7979
  -32.2262
  -19.8172
>c (costs vector) data
   3.2688
   3.1844
  -0.7424
   0.4361
   4.0723
  -1.5334
   4.9868
   3.6307
  -3.7513
   4.5542
>Status flag:
UNBOUNDED