# Randomly generated test case
# Case number: 18; Generated: Wed Dec 31 19:00:00 1969

# Parameters: n=10, m=15, a=10,b=100
>epsilon -- precision parameter
0.01
>A matrix data
   1.4054   4.5140  -0.8147   4.4448   0.0904  -0.7380  -1.2784   0.7376  -1.0974  -4.5288
  -1.8137  -1.8341   0.1761  -2.7413  -2.9456   1.9526  -2.7082  -1.0152   1.0704  -3.9109
  -1.2036   1.7498  -1.2523  -4.4927  -4.3779  -4.6862  -1.0350   3.9861  -2.5801   1.8611
  -3.9629  -2.3520  -4.6641   3.9685   4.7999  -1.7290  -3.5735   1.9702   4.0687  -3.7471
   4.0717   0.3735   4.8923   0.7209   2.0609   2.5230   3.7930  -1.8175  -1.1525   4.1998
  -1.0375   2.0996   3.0280  -3.4577  -4.0855   4.8793  -3.3786   3.0908  -3.0619  -3.2647
   0.0978  -4.6229  -2.3545  -1.9382   0.7868   3.8986  -0.1757  -0.5881  -3.0706  -0.9827
   4.7003   1.0860  -2.0247  -4.6771  -4.9938   2.9010  -1.9235   3.4616  -0.4362  -4.5992
   1.5726  -2.7110   2.4364  -1.5737  -3.8096  -1.6906   0.4825   2.0986  -4.9871  -2.0004
   3.7644  -3.2330   4.0046  -1.1446  -0.1249  -1.5495  -2.4074   2.5062  -0.1468  -0.3920
   3.3705  -0.4901  -0.4800  -1.7041  -3.3737   1.9712   2.5988  -1.1205  -3.0548  -4.8903
  -2.7194  -2.1198  -1.2227  -3.2235  -2.4708   2.6131  -3.7353  -3.6332  -2.5037  -0.0815
   3.8538  -0.0007   0.2294   2.9600   3.6841   1.2612  -2.6130  -3.3300   1.7931  -0.5851
   0.5524  -2.6303  -4.2219  -4.6169   4.4461   1.9386  -3.4119   3.4917  -2.2330   2.2079
   1.3885  -0.1428  -4.0501  -3.8970  -4.2774  -3.8509  -0.9959   2.0396   0.9895   2.0901
>b (rhs) data
  -25.3975
  -29.3968
  -21.1304
  -41.4190
   48.6334
   -6.0977
  -11.3751
  -27.5146
  -49.1389
   48.7381
   27.6639
   21.9440
  -38.2720
  -29.7350
  -30.7496
>c (costs vector) data
  -1.8146
   2.2258
   4.5703
   1.4916
  -4.0310
  -0.9088
  -3.7018
   0.4353
   2.8972
   3.3301
>Status flag:
UNBOUNDED