# Randomly generated test case
# Case number: 44; Generated: Wed Dec 31 19:00:00 1969

# Parameters: n=10, m=15, a=10,b=100
>epsilon -- precision parameter
0.01
>A matrix data
   0.5003   2.2527   0.4977  -3.0707   4.2155   4.0829  -1.8368  -4.7962  -3.7625   0.8271
  -2.8418  -0.5172   1.7866  -2.1605  -4.3398   1.6102   2.6843  -2.4697   2.5240  -3.2559
  -2.4215  -3.5760   4.3384   2.2371   1.6577   4.6631   0.8146   1.9004  -1.4268  -2.9187
   3.9360  -3.7001  -1.5379   0.5309   0.6135   2.1427   0.8218   0.0082  -2.7761   4.3675
  -0.9752   2.3982   1.3378   0.6346  -4.3019   4.4338   2.2448   3.9912  -0.0081   2.8545
  -1.0000        0        0        0        0        0        0        0        0        0
        0  -1.0000        0        0        0        0        0        0        0        0
        0        0  -1.0000        0        0        0        0        0        0        0
        0        0        0  -1.0000        0        0        0        0        0        0
        0        0        0        0  -1.0000        0        0        0        0        0
        0        0        0        0        0  -1.0000        0        0        0        0
        0        0        0        0        0        0  -1.0000        0        0        0
        0        0        0        0        0        0        0  -1.0000        0        0
        0        0        0        0        0        0        0        0  -1.0000        0
        0        0        0        0        0        0        0        0        0  -1.0000
>b (rhs) data
   20.3058
  -24.8442
   -4.8653
   35.5348
   35.4239
         0
         0
         0
         0
         0
         0
         0
         0
         0
         0
>c (costs vector) data
  -3.1689
   2.6560
   1.9405
   0.8644
  -2.3188
  -1.1178
   2.0379
   4.2111
   2.4960
  -3.7928
>Status flag:
UNBOUNDED