# Randomly generated test case
# Case number: 32; Generated: Wed Dec 31 19:00:00 1969

# Parameters: n=10, m=25, a=10,b=100
>epsilon -- precision parameter
0.01
>A matrix data
   1.6260  -4.3408   1.3964  -0.4581  -2.0850  -0.8317   4.9308  -0.7332  -3.6378  -0.3601
   4.1420   2.6092  -2.2687  -4.5123  -2.1608  -4.0330  -2.7121  -3.9526  -4.4049  -1.5832
  -3.7384  -3.5405  -4.0183   0.0583   4.5485  -3.5429   4.6231   3.7656  -0.8748  -3.9557
  -2.8453  -4.2981  -4.9141  -3.8951  -1.7659   4.1943  -2.0682  -1.3971   0.4007  -2.1346
  -0.2885  -3.8304   2.2346   4.1621  -3.7654  -4.5785  -3.1183   3.2222  -0.6928   1.0154
  -4.2770  -0.3433   1.1783   3.4589  -2.9812  -2.2649  -4.7160   1.1715  -1.9942  -3.6070
   4.8003   4.0312   1.5810  -3.7769   4.7324   1.4680  -3.3574   0.5205  -4.6637  -4.9738
   0.8108   3.9529  -3.3836   4.6672   2.8296  -1.3148  -4.0933   3.7794  -3.8323  -4.7415
  -4.2142  -4.9117   4.1170  -1.8463  -1.0188   0.9617   1.6825   2.6985  -1.0022   0.0518
  -0.8470   4.9832  -2.3332  -2.9310   1.7609  -2.7689  -0.5231  -3.6117  -0.4519   3.0388
   4.9422   3.0982  -4.7404  -3.5644  -3.4309   4.8609  -1.8937   4.0885   0.1645   3.0312
  -2.2004  -4.1235   4.7403   1.7880  -1.6734   3.6118  -3.7486  -2.7915   0.5385   2.9133
  -0.0974  -0.5938  -3.7471  -4.4046  -3.0621  -2.0541   0.8071  -1.7864   4.2767  -3.4569
   4.5770  -3.9034  -4.3626   0.8015   4.9855   1.5076   3.8316   3.5335   1.6632   4.6949
   3.5514  -2.8990  -4.1443   4.7412  -0.4507  -3.3824  -3.6998   1.4100  -4.2719  -2.4020
  -1.0000        0        0        0        0        0        0        0        0        0
        0  -1.0000        0        0        0        0        0        0        0        0
        0        0  -1.0000        0        0        0        0        0        0        0
        0        0        0  -1.0000        0        0        0        0        0        0
        0        0        0        0  -1.0000        0        0        0        0        0
        0        0        0        0        0  -1.0000        0        0        0        0
        0        0        0        0        0        0  -1.0000        0        0        0
        0        0        0        0        0        0        0  -1.0000        0        0
        0        0        0        0        0        0        0        0  -1.0000        0
        0        0        0        0        0        0        0        0        0  -1.0000
>b (rhs) data
  -46.6377
  -32.2005
  -47.0235
  -37.8522
    7.4542
   42.7644
   -3.8940
   28.2548
  -45.9048
  -46.3775
   44.2572
   35.6845
   25.2654
  -13.9645
  -14.2563
         0
         0
         0
         0
         0
         0
         0
         0
         0
         0
>c (costs vector) data
  -4.7095
  -1.6611
   4.8583
  -4.8932
  -3.8976
  -3.0780
   2.1930
   3.3465
  -3.1429
   2.2185
>Status flag:
UNBOUNDED