# Randomly generated test case
# Case number: 25; Generated: Wed Dec 31 19:00:00 1969

# Parameters: n=10, m=25, a=10,b=100
>epsilon -- precision parameter
0.01
>A matrix data
  -0.3768  -1.3636   0.9145  -1.3594  -1.3204   1.8339  -4.0008   2.2962  -3.9854  -1.7899
   0.4341  -3.1536  -3.4141  -0.2934  -1.4903   1.6065   4.6672   1.9900  -4.9728  -2.2509
  -3.1041   0.3848  -4.3817  -0.4247  -1.1264   4.1310   0.0994  -2.9663   4.7376   3.4696
   4.1288  -3.1723  -1.4316   2.9571  -3.7465   2.1586   0.3388   0.8875  -2.8567  -2.9912
   1.4880   0.3419  -3.6279  -4.9579   1.1460  -4.8854   0.9048  -1.2324  -1.4382   0.0487
  -3.4815  -4.5679  -3.2434  -2.4432  -3.9053  -2.5486   1.2144  -2.7578   2.3332   4.1135
   0.5657  -1.0049   4.6171  -0.2112  -3.1904  -3.8573   2.7028   4.2774  -1.0782   4.8063
   3.9328   3.6994   0.0583  -3.6108   3.7599  -4.6700  -4.2083   1.5698  -2.2315   2.8823
   1.3048  -1.8422   3.0836   1.5048   0.9674   2.2945  -3.1381  -2.4220   0.2521  -0.7970
  -2.3311  -2.0706  -2.1661  -3.2548  -0.8492  -1.8121  -4.3276  -1.5290  -1.1397   0.8580
   3.5857   4.1767   1.9876  -4.5632   4.4847   3.9656   2.1423   2.6750   2.7804   1.8139
   1.3306   3.2443  -4.8960  -0.6500   2.4288   2.3134  -2.5208   2.4469  -4.6656   2.5301
  -1.0913   0.9246   3.4379   3.5250   1.5341   0.8633  -3.3540   0.3802  -0.6347  -3.8942
  -1.4736  -4.4792   0.5797   0.3345   0.2750   3.5491  -4.8302   1.6603   2.5688  -2.5664
   2.6969  -2.6157  -0.6890   2.1411   4.6891  -1.0198  -1.1451   1.6062   2.4599  -2.0602
  -1.0000        0        0        0        0        0        0        0        0        0
        0  -1.0000        0        0        0        0        0        0        0        0
        0        0  -1.0000        0        0        0        0        0        0        0
        0        0        0  -1.0000        0        0        0        0        0        0
        0        0        0        0  -1.0000        0        0        0        0        0
        0        0        0        0        0  -1.0000        0        0        0        0
        0        0        0        0        0        0  -1.0000        0        0        0
        0        0        0        0        0        0        0  -1.0000        0        0
        0        0        0        0        0        0        0        0  -1.0000        0
        0        0        0        0        0        0        0        0        0  -1.0000
>b (rhs) data
   40.7023
    5.2255
  -21.8906
   17.4075
  -26.0222
    0.9889
   36.4305
  -45.3355
  -40.3709
  -16.6725
   27.2123
  -31.6738
   11.7904
  -14.4808
    8.5659
         0
         0
         0
         0
         0
         0
         0
         0
         0
         0
>c (costs vector) data
   4.4333
  -3.3083
   0.0953
  -4.5781
   0.1675
   3.6082
   0.5931
   3.6216
   4.3912
  -3.3629
>Status flag:
INFEASIBLE