# Randomly generated test case
# Case number: 9; Generated: Sun Nov 19 05:44:16 4461606

# Parameters: n=10, m=15, a=10,b=100
>epsilon -- precision parameter
0.01
>A matrix data
   3.3698   2.5204   3.5298   1.0815   1.4099  -2.4485  -4.8365   1.4948  -4.8705   1.2705
   0.0178   2.7356   0.2282  -3.1723  -0.9481  -1.5323  -1.3478   3.2540   3.4775   0.0461
   2.2101  -1.3251  -1.0053  -3.7042   2.3479  -4.5026  -1.5790  -2.8791   0.1388   4.6785
  -4.5831   0.3948  -4.7286  -1.5276  -1.4216  -4.0658   1.4959   2.9669  -0.0303   4.2028
   1.5325  -2.4617   4.1175  -1.6507  -4.8096   4.2053   0.5644  -4.6191  -2.8443   4.0194
   2.0477  -3.7716   4.1308  -2.6634  -4.0332   0.7032  -2.1138  -1.2942   0.0210   1.3686
   2.6205  -0.2297  -4.5086  -4.2218   0.1753  -4.4394  -0.8469   3.4216  -0.4781   0.8840
  -4.2735  -2.7288  -2.5583   3.5397  -3.5428   1.2812   3.5357   2.8119   0.6821  -4.1892
  -3.8527   0.9933  -0.1173  -2.1862  -0.9243   3.2109  -2.2030  -3.4135   4.3134  -0.2497
  -1.2849   3.3272   4.1682   3.7278   1.7516   1.2974   1.7995   1.0943  -3.8810  -2.0715
  -3.2253  -4.3874  -0.2594  -1.5573  -1.5615   3.9284  -3.2618   1.2029  -3.8964  -3.8902
   3.6481   3.2479   1.9205   0.8632  -3.8367   3.7591  -1.5574  -4.8738  -1.5489   4.8949
  -3.7213  -2.5959  -0.0960  -0.9428   3.0822   3.4979   2.2310  -1.6647   4.4465   2.8705
  -1.7332   3.5294  -0.1030  -2.7518   0.3885   2.5584  -3.5401   2.8229  -4.8100   0.4405
  -3.6348   0.9002  -4.1577  -2.4422   2.1370   1.7044  -1.7060  -4.3537   2.7735   1.6266
>b (rhs) data
   29.9872
   32.8370
   -8.7319
   36.0701
  -44.0515
   49.4446
  -35.6250
    6.8886
  -49.0664
   23.2718
   35.2022
    4.0590
  -40.9533
  -34.2403
    8.2098
>c (costs vector) data
   2.6274
  -1.6550
  -2.0419
  -3.3202
   4.2329
   4.5612
   0.2269
  -0.6016
  -3.7888
   3.9030
>Status flag:
UNBOUNDED