# Randomly generated test case
# Case number: 46; Generated: Wed Dec 31 19:00:00 1969

# Parameters: n=10, m=10, a=10,b=100
>epsilon -- precision parameter
0.01
>A matrix data
  -2.0306  -3.8075   1.2219  -1.2554   2.9780  -1.8019  -3.9963  -1.6977   4.8213  -3.7114
   2.1836   0.0722  -3.6828   2.8072  -4.7392   1.9882  -2.6742  -1.7857   1.0822   0.7281
   0.1262  -0.9876  -3.5201   3.0781   2.3951   2.9294  -0.4200  -1.6764  -3.4838  -4.5784
   4.4890  -0.4445  -3.2314  -2.8680  -4.8786   0.8044   4.8269  -3.6937   0.5791  -2.5847
  -4.5449  -1.0668  -0.8656  -4.3885  -4.1794   3.3896   0.3174  -1.0422  -1.5892   4.2413
   4.7029   4.8376  -4.5801   3.3021   2.3965  -4.9891   0.8276  -0.5012   0.7155  -4.6258
  -4.6703   0.9371   1.2641  -0.3651   1.3540   2.7496   1.1805  -3.9339   4.8866  -0.1147
  -2.9943  -0.8654  -0.6568   3.6016   2.3875  -1.1488   1.6177   4.0822  -0.8422   2.8438
  -4.7110  -0.7827  -1.0638  -3.1571   3.7698  -4.2698   3.5891   4.3904   4.9608  -3.9855
  -3.5683   0.3651  -0.4162   3.8790   3.3774   4.1529  -4.8481  -4.1003   3.2183  -2.2494
>b (rhs) data
  -33.6999
   -8.0038
  -40.1470
  -13.1865
   37.3380
   -6.2664
   35.9996
   25.1306
   40.7331
   25.8136
>c (costs vector) data
  -1.5354
   1.2861
  -0.6965
   1.4177
  -0.9830
   3.1387
   0.2335
  -1.5720
  -1.0268
  -1.0643
>Status flag:
UNBOUNDED