# Randomly generated test case
# Case number: 19; Generated: Wed Dec 31 19:00:00 1969

# Parameters: n=10, m=25, a=10,b=100
>epsilon -- precision parameter
0.01
>A matrix data
   4.3018  -2.4766  -0.2882   2.3824   4.9739  -0.8942  -1.7251   4.9652   3.5558  -3.0742
   2.4743   3.9660   1.9313  -1.8606  -1.6848   1.4260  -2.0005  -3.8039  -2.9824   1.5624
  -0.6060   3.9728  -3.7373  -1.1191   2.2955  -0.6460  -4.3705   3.9346   0.4445   3.4280
   2.0681  -2.5842  -3.9296  -0.0851   4.2199  -0.9246   3.4008  -4.3458   2.0720   3.4743
  -4.0773   1.1908  -3.0640  -1.2238  -1.2658  -3.5775   0.3500  -0.7500   1.5453   4.9668
  -0.4606   4.0864  -3.4121  -3.3726  -0.1412  -4.8223   0.3169   1.6366   3.0231  -4.6846
  -0.7663  -2.4173   3.0195  -3.3382  -1.7091  -1.5289   0.2568   0.4367   4.2193  -2.9395
  -2.2007   2.3484  -1.9565  -1.9163   3.9285  -2.0494  -1.7698   0.3855   4.1033  -3.3123
  -2.4211   4.0246  -2.4845   4.0139  -4.1171  -0.1731   4.5409  -4.4275  -4.2928  -4.6906
  -1.5682   3.5421   4.3802   2.3739   2.9344  -4.7561   2.7298  -0.7432   4.3891   4.8968
  -3.2283  -2.0440   4.2173  -0.4976  -0.3343  -2.0042  -2.9758   2.4721   4.0621   0.9277
   2.6677  -2.8113   2.8820   4.0647   1.4935   1.8635   1.0113   2.7734   4.5150   0.7007
  -1.8131   3.5013  -1.4896   2.7957   0.5962   1.1684   1.2528   4.2525   3.6654   2.3219
  -2.0383  -3.3413  -2.1110  -3.0206   3.8713   0.7426  -0.1402   1.4801  -3.3640   4.6510
   4.3891  -4.4609   1.9629   3.9606   2.8215   2.1217   1.4580  -2.0173   3.2147   4.4881
  -1.0000        0        0        0        0        0        0        0        0        0
        0  -1.0000        0        0        0        0        0        0        0        0
        0        0  -1.0000        0        0        0        0        0        0        0
        0        0        0  -1.0000        0        0        0        0        0        0
        0        0        0        0  -1.0000        0        0        0        0        0
        0        0        0        0        0  -1.0000        0        0        0        0
        0        0        0        0        0        0  -1.0000        0        0        0
        0        0        0        0        0        0        0  -1.0000        0        0
        0        0        0        0        0        0        0        0  -1.0000        0
        0        0        0        0        0        0        0        0        0  -1.0000
>b (rhs) data
   -7.5239
   -8.8240
  -25.2309
   16.0627
   15.1479
   22.8222
  -18.0596
   -6.6020
   38.5757
   31.0408
   21.7004
  -32.1350
  -36.8002
  -24.1491
    5.8443
         0
         0
         0
         0
         0
         0
         0
         0
         0
         0
>c (costs vector) data
  -4.0309
   2.4452
  -3.5970
  -1.9945
   2.6707
   0.4328
   0.0965
  -4.4529
  -2.3451
  -0.5232
>Status flag:
INFEASIBLE