# Randomly generated test case
# Case number: 41; Generated: Wed Dec 31 19:00:00 1969

# Parameters: n=10, m=15, a=10,b=100
>epsilon -- precision parameter
0.01
>A matrix data
   4.7512  -3.2769   4.2741  -2.1015  -2.5267  -4.4030   4.1197   2.9093   3.6716   4.1327
  -0.9877   2.3386   0.5805  -2.5533  -4.4370   3.3589  -4.4477  -0.8945   2.0897   2.9084
  -2.5335   0.5180  -4.4830   4.8996  -3.0336  -1.1351  -0.1911   2.2846   0.9337   1.9433
  -3.0201  -4.0244  -1.1125   1.6153  -1.6516   4.0668   3.6296   0.8934   2.3355   3.8764
  -0.4065   1.6853   3.5668  -3.7885  -0.8445   3.1992  -2.7278   3.1698  -2.3577  -1.1288
  -1.0000        0        0        0        0        0        0        0        0        0
        0  -1.0000        0        0        0        0        0        0        0        0
        0        0  -1.0000        0        0        0        0        0        0        0
        0        0        0  -1.0000        0        0        0        0        0        0
        0        0        0        0  -1.0000        0        0        0        0        0
        0        0        0        0        0  -1.0000        0        0        0        0
        0        0        0        0        0        0  -1.0000        0        0        0
        0        0        0        0        0        0        0  -1.0000        0        0
        0        0        0        0        0        0        0        0  -1.0000        0
        0        0        0        0        0        0        0        0        0  -1.0000
>b (rhs) data
  -31.1868
   47.0909
   -6.0700
  -45.4251
   22.1918
         0
         0
         0
         0
         0
         0
         0
         0
         0
         0
>c (costs vector) data
   1.6114
   0.0884
  -3.0219
   2.1953
  -1.6553
  -0.9314
  -4.6556
   4.8380
  -3.6620
   3.6681
>Status flag:
UNBOUNDED