# Randomly generated test case
# Case number: 6; Generated: Wed Dec 31 19:00:00 1969

# Parameters: n=10, m=15, a=10,b=100
>epsilon -- precision parameter
0.01
>A matrix data
   2.0491   3.5150  -1.4004   0.3215   0.6363   4.8119  -4.4529  -2.3843  -0.1436  -0.9920
  -0.1192  -3.4869   1.8336   2.0628   2.4961   1.3249   1.5349   2.9631  -1.0668   1.5325
  -4.4097  -3.2513   1.3871   0.6120   3.0305   0.7003   2.7090  -1.5803  -4.7533   3.8874
  -0.4271  -2.3065   2.4982   2.1831  -1.7724   2.9992  -3.9137  -0.6552   0.8252  -2.7137
   4.4942   1.4976  -3.3920   1.5747   4.3138   3.8890   0.0398  -3.1152   1.9652   3.4375
   3.1186  -2.0652   0.3798   1.6978  -4.4059   2.1366  -2.7592   4.4797   1.4050  -4.5152
   1.2128   0.0329  -1.5763   0.8337  -4.8650  -4.1684  -1.6942  -1.3384   4.8800   4.9740
   3.8199  -3.2088  -2.0102   2.2195  -1.0850  -3.4949  -0.4979   2.7125  -4.7196  -2.4887
  -3.7761   0.9925  -4.3200   4.5600   2.2841  -3.2888   1.4386  -3.9059  -3.4534   3.1637
  -1.8534   2.6770  -1.0588  -1.2987  -1.3461  -0.6430  -1.6881  -2.3780  -2.5502  -0.3696
  -0.3237   2.9764   1.5645   1.5399   4.7066   1.6500  -0.9943  -0.2138   0.8188  -2.9305
  -1.9446  -4.1729  -3.3936  -3.8944  -3.1188  -2.3039   4.3332   3.3941  -0.3735   2.4547
   1.3302  -0.4600  -2.1286   1.6498   1.3100  -4.2885  -4.9951   0.3666  -3.2857   2.5811
  -1.3995  -4.6155  -3.8777   4.9382  -1.4004   1.2495   1.2455  -3.4509   3.4634   3.1447
  -2.0782   0.9038  -2.7314   1.9033   4.2505   1.4807  -0.8863  -1.9135  -2.8322   1.6694
>b (rhs) data
   34.4084
  -18.2154
   -2.3534
   13.2537
  -24.1781
  -48.4190
   36.8084
  -29.5223
   22.9593
   23.4873
    1.6984
    4.3966
    7.8833
  -48.8236
   27.6868
>c (costs vector) data
   3.7203
  -2.1204
   0.2701
   4.2445
   4.1017
  -2.6404
  -1.1874
   0.9111
  -0.8659
   4.2987
>Status flag:
UNBOUNDED