# Randomly generated test case
# Case number: 39; Generated: Wed Dec 31 19:00:00 1969

# Parameters: n=10, m=20, a=10,b=100
>epsilon -- precision parameter
0.01
>A matrix data
  -0.4598   0.8618   2.9897  -4.3959   3.6137   4.8868  -3.9879  -2.4665  -0.5198  -0.4567
  -0.1361  -4.7899   1.0341   3.4563   0.3025  -4.8862  -3.4505   4.7661  -0.9739  -2.2942
  -0.5068  -0.9359   3.7701   0.3171   4.6971   4.7214  -0.5512   1.2869  -2.0255  -0.3831
   1.1541  -3.9724   1.7675  -4.9226   1.3861   3.1214   0.1008  -1.2796   0.2417   3.4699
   3.3100   4.7219  -2.9992   0.8172  -0.2182  -3.0554  -2.4499  -4.9317  -3.8842  -3.4374
   2.8760   2.0087   0.1148  -4.0599  -4.6291   2.1333  -3.0661   2.0999  -4.2311   2.6820
  -3.6918  -0.2857   3.5003  -0.5091   3.9653   3.1992  -3.1585   1.8402  -0.5245  -2.5189
  -0.0493  -1.4283   0.5257   4.5475   3.6063   1.0538  -1.2517   1.0431  -2.5060  -3.4307
   0.1556   0.6441   1.6440  -1.4303   4.2648   1.4951   2.9660  -1.3176  -1.7350  -0.9115
  -0.3586  -2.5294  -2.8192   3.1447  -0.0225   4.3019   0.2722   2.0470   4.1386   4.1566
  -1.0000        0        0        0        0        0        0        0        0        0
        0  -1.0000        0        0        0        0        0        0        0        0
        0        0  -1.0000        0        0        0        0        0        0        0
        0        0        0  -1.0000        0        0        0        0        0        0
        0        0        0        0  -1.0000        0        0        0        0        0
        0        0        0        0        0  -1.0000        0        0        0        0
        0        0        0        0        0        0  -1.0000        0        0        0
        0        0        0        0        0        0        0  -1.0000        0        0
        0        0        0        0        0        0        0        0  -1.0000        0
        0        0        0        0        0        0        0        0        0  -1.0000
>b (rhs) data
   16.4734
  -44.1638
   30.8581
    6.2674
  -40.2726
   31.5299
   28.7244
    2.5781
   41.0336
  -14.7538
         0
         0
         0
         0
         0
         0
         0
         0
         0
         0
>c (costs vector) data
   1.9287
  -0.9867
   0.6979
   2.5805
  -4.5368
  -4.0851
  -0.8569
  -0.1340
  -3.4637
   0.2739
>Status flag:
UNBOUNDED