# Randomly generated test case
# Case number: 15; Generated: Wed Dec 31 19:00:00 1969

# Parameters: n=10, m=25, a=10,b=100
>epsilon -- precision parameter
0.01
>A matrix data
  -0.1016   4.8612  -3.9474  -4.0715   3.2523  -0.6981  -1.3686  -0.5890  -3.9557   1.8338
  -4.7780  -1.5808  -4.7366   4.0167   3.6389   1.8183   0.0508  -0.3624   2.6064   0.8278
  -2.2042  -4.3756   3.3943  -1.7480  -1.0308  -3.2206   1.7138   3.4407   4.3921   4.0622
  -0.6807   3.8671   4.1275   0.2748   2.5419  -4.9157  -2.4159   3.7745  -0.9049  -2.7220
  -2.7760   3.6772   0.9936  -1.1628   1.4502   0.7734  -3.8170   1.1670  -4.4112   0.9162
   0.3699   1.5330   4.2372  -4.4019   3.7212  -1.6392   4.1654  -2.4421  -1.0313   2.7065
  -4.0101  -2.0043   3.2516  -4.1551  -3.9690  -0.5258   2.7711  -0.4855  -3.7397  -3.7083
  -0.7766   0.3433   4.0888  -4.1153   0.6726   1.3964  -3.5706  -2.8492   0.0616   1.8531
   0.5474  -4.6245   1.3590   4.8208   3.8269   1.8683  -1.2960   4.6569   2.7890   4.3348
   4.3770   4.9895   0.0842   2.2181   0.7164   4.4495   4.1693  -2.2402  -0.3308   4.6816
   4.0901   4.3125   4.2630  -3.0147  -4.7435  -0.7183   3.0598   2.5814   1.4432  -0.2590
   3.3141  -4.0823   0.8543  -4.8162  -2.8333  -2.3450  -0.9403  -3.3621  -0.4825   4.9109
   0.6279   1.5751   4.8544  -0.8940   3.7342  -3.9987  -0.8928  -3.1654  -0.0495   3.1379
  -2.9885   0.5475   0.2875  -2.1747   0.5357  -2.5490  -0.6593   4.5407   1.0518  -3.9759
   0.7545  -4.7888   4.9480  -2.3367  -0.2251   2.5451  -2.0119  -1.5390   4.8604  -3.6593
  -1.0000        0        0        0        0        0        0        0        0        0
        0  -1.0000        0        0        0        0        0        0        0        0
        0        0  -1.0000        0        0        0        0        0        0        0
        0        0        0  -1.0000        0        0        0        0        0        0
        0        0        0        0  -1.0000        0        0        0        0        0
        0        0        0        0        0  -1.0000        0        0        0        0
        0        0        0        0        0        0  -1.0000        0        0        0
        0        0        0        0        0        0        0  -1.0000        0        0
        0        0        0        0        0        0        0        0  -1.0000        0
        0        0        0        0        0        0        0        0        0  -1.0000
>b (rhs) data
    7.3624
  -12.2574
  -17.2103
  -39.6165
   40.3700
  -38.4517
    2.7752
   31.9484
  -28.5272
   28.0210
  -37.7005
   38.4616
   15.7435
  -28.8610
  -23.9792
         0
         0
         0
         0
         0
         0
         0
         0
         0
         0
>c (costs vector) data
   3.2263
   2.3302
   2.4618
   1.6897
   0.8048
  -2.6276
   3.0839
  -4.9067
  -3.7651
  -2.2762
>Status flag:
INFEASIBLE