# Randomly generated test case
# Case number: 4; Generated: Sun Nov 19 05:44:16 4461606

# Parameters: n=10, m=15, a=10,b=100
>epsilon -- precision parameter
0.01
>A matrix data
  -3.5987   4.5101  -0.2690   0.8995   4.9892   0.7474  -2.8643   4.2819   3.8909   3.3187
   4.4177   4.7756  -0.9151  -4.3653  -2.1289   4.3828  -2.3093  -1.1006  -0.0056  -4.8222
  -4.5733  -4.8409  -3.2120   2.5923   4.3122   2.2927   2.8805   4.2833   4.7095   2.8801
  -4.2729   3.2983   4.9903   3.0824  -2.4483   0.2635   0.6117  -3.5147  -3.0666  -4.6854
   4.0866  -2.4109   1.4411  -4.0482  -2.8891  -2.8333   2.8941   1.0548   1.8210  -3.4088
  -2.4880  -2.0808   0.6833  -3.2671   4.5822  -1.1169   0.8740   2.4532  -4.9553   0.2776
  -2.2865  -1.7010   0.5597   0.6895   0.8583  -2.1623   0.2472  -4.5199  -0.6570  -3.4900
   2.7011   2.5270  -1.9929  -3.6980   4.5837   4.9120   2.7465  -3.9681  -1.3280   0.8441
  -0.9794   1.7265  -2.4266   3.1336  -3.4304   3.7272   4.2198   4.1995   2.2247   4.3373
   4.4775  -1.5728   4.2706   0.2782   0.8049  -3.6169  -3.9606  -4.2903   3.5972  -2.2897
   4.0075  -1.8805   1.8113   4.8166   1.0492   2.0941   1.8404  -2.1994  -0.7527  -4.2528
   4.0681  -0.6233   1.0911   4.4439   0.3220   0.0553  -3.7287   0.3138  -2.1140   1.5441
  -4.8162   3.5050   4.7405   4.9634   0.9526   3.9359  -4.2596  -0.8307  -1.6300   4.9667
   2.7985  -2.8517   3.5430  -4.9353  -0.8623  -3.6057   3.0704  -4.9633   4.4941   0.6786
   0.4802  -2.1924  -0.7332   2.5455  -0.9203   2.7279   0.9555   1.6310  -4.1790   4.0668
>b (rhs) data
   -7.4932
   -4.1193
   34.1308
  -33.5223
   26.5210
   -7.3718
   13.0076
  -10.2627
  -43.5787
  -40.4751
   -2.2082
   42.3232
  -30.2527
   39.2863
   46.7052
>c (costs vector) data
  -3.6130
  -2.9651
  -4.0624
  -2.3823
   4.9337
  -2.8429
  -1.5758
  -4.0421
   2.1906
   2.4131
>Status flag:
UNBOUNDED