# Randomly generated test case
# Case number: 40; Generated: Sun Nov 19 05:44:16 4461606

# Parameters: n=10, m=15, a=10,b=100
>epsilon -- precision parameter
0.01
>A matrix data
   4.7218  -3.4656   3.9493   2.1300   3.4874  -2.6360   2.7330   2.8734   3.9386  -1.5525
  -3.4988  -0.9925   4.6167   0.5242   4.0683  -0.0714   2.6235  -1.5195  -3.7691   3.4893
   4.5930   1.1780   4.4803  -4.8077  -3.0253   1.6827  -2.4621   4.1751   4.5107   1.3976
  -3.2578  -0.1139  -0.7795  -3.4779  -3.2581  -1.8283   3.4788   3.5750   2.4836   3.4477
   0.1207   0.9956  -2.9127   4.6455   3.0771  -4.9790  -3.6898  -3.6731   1.2816   2.2011
  -0.2380   1.2288   4.3019   3.5505  -1.4683   2.8855  -2.3321  -3.7718   3.3667  -4.8526
  -2.7508  -4.6972   3.9871  -4.3273   1.4876   2.9582   4.9835  -4.5855   4.2920   1.2113
  -3.6443  -2.4635   4.7979  -1.1522   3.3335   0.9527  -2.0671  -4.2699  -1.6908   3.1240
   2.0917  -3.7678   4.1591  -3.4838  -3.3105   0.9774  -3.0676  -0.0677  -1.0752  -0.3219
   0.7239  -4.7788   0.3421  -1.6721   3.2973  -3.3728  -4.3396   1.1111   1.6335   0.1706
  -2.0573  -2.3869   0.6287  -4.5334   3.5277   2.8619   0.5107  -3.7214  -4.7931   4.0464
   3.9107  -0.0817   1.2816  -4.6297  -1.2607  -4.9855   3.1028  -3.4596  -4.6276   2.5459
  -4.8737  -3.8041   2.9520   4.5147   3.6905  -2.6299  -1.0718   4.2494   0.9231  -0.9801
  -0.0782  -0.7220   3.8240  -2.3249   3.5649  -4.7212  -4.1806  -4.3431   3.1912  -4.2895
  -0.6944   0.5941   1.2901   3.0307  -4.6043   4.1225  -3.0031   4.2621   0.2645   1.6288
>b (rhs) data
   41.4672
   -6.1257
    8.8223
   47.4704
   25.5619
  -39.8517
  -41.6472
    1.3335
  -36.4975
   47.3833
    2.8260
   29.4205
   40.1287
  -25.5362
   -0.5543
>c (costs vector) data
   4.1705
  -0.1463
   0.5185
   2.8353
  -3.8198
  -2.6033
  -4.8652
  -3.3430
   1.5107
  -4.2882
>Status flag:
UNBOUNDED